E:\datasets\hand\CVAR\P1\000000_depth_modified.png 135.882 131.677 584.732 163.148 93.9444 605.671 180.139 88.9659 608.467 191.879 94.9427 613.358 211.231 111.986 611.457
E:\datasets\hand\CVAR\P1\000001_depth_modified.png 135.882 131.677 584.732 163.148 93.9444 605.671 180.139 88.9659 608.467 191.879 94.9427 613.358 211.231 111.986 611.457
E:\datasets\hand\CVAR\P1\000002_depth_modified.png 136.493 132.825 584.791 164.001 94.7988 607.221 180.84 89.1126 605.159 192.726 95.3065 607.299 212.082 112.762 604.329
E:\datasets\hand\CVAR\P1\000003_depth_modified.png 135.944 133.753 586.181 163.232 94.8664 610.671 179.588 89.1217 606.367 192.163 95.5876 611.128 211.591 112.833 604.87
E:\datasets\hand\CVAR\P1\000004_depth_modified.png 135.373 133.652 586.518 162.428 96.528 607.105 178.626 89.1849 606.179 190.814 95.8445 614.593 210.387 112.934 606.423
E:\datasets\hand\CVAR\P1\000005_depth_modified.png 134.838 134.366 584.426 161.553 95.8451 607.296 178.434 90.145 603.253 190.602 95.8907 610.724 209.693 113.048 608.513
E:\datasets\hand\CVAR\P1\000006_depth_modified.png 133.551 133.641 584.909 160.624 95.023 605.395 176.568 89.1615 604.063 189.091 95.952 611.313 208.295 112.818 607.197
E:\datasets\hand\CVAR\P1\000007_depth_modified.png 133.337 131.409 580.758 160.655 93.9297 601.039 176.78 88.0562 601.925 189.791 94.7512 608.88 208.429 112.541 609.798
E:\datasets\hand\CVAR\P1\000008_depth_modified.png 132.332 130.47 578.67 160.641 92.9806 599.68 177.068 87.268 600.32 188.882 94.2243 612.778 208.052 112.089 607.081
E:\datasets\hand\CVAR\P1\000009_depth_modified.png 132.461 129.468 574.435 161.182 91.8469 596.875 177.627 87.0319 602.064 189.924 94.6604 609.432 208.229 113.74 609.437
E:\datasets\hand\CVAR\P1\000010_depth_modified.png 132.441 128.946 574.266 161.18 91.84 599.513 177.856 87.061 600.549 188.734 94.3293 608.185 207.812 112.827 612.474
E:\datasets\hand\CVAR\P1\000011_depth_modified.png 132.852 127.626 569.557 161.438 91.8976 596.868 178.238 87.0898 601.116 189.654 95.0744 611.195 207.726 114.392 613.595
E:\datasets\hand\CVAR\P1\000012_depth_modified.png 132.333 128.07 568.174 161.522 91.8282 597.474 177.605 87.1202 602.986 189.807 97.012 613.549 206.63 115.393 616.988
E:\datasets\hand\CVAR\P1\000013_depth_modified.png 132.496 127.841 563.301 161.973 91.9921 595.052 178.363 87.9303 604.443 189.818 96.9211 610.355 206.341 115.812 616.471
E:\datasets\hand\CVAR\P1\000014_depth_modified.png 132.431 125.952 561.393 162.863 91.0513 594.553 178.273 87.7333 603.882 189.489 97.73 614.969 204.853 117.178 617.455
E:\datasets\hand\CVAR\P1\000015_depth_modified.png 132.46 124.851 554.289 162.435 90.8945 590.534 178.289 87.8268 602.421 188.51 97.7108 614.02 203.897 117.611 619.247
E:\datasets\hand\CVAR\P1\000016_depth_modified.png 133.28 124.07 551.922 163.384 90.9088 592.813 179.121 87.722 600.767 188.843 98.9025 617.117 203.727 118.359 620.963
E:\datasets\hand\CVAR\P1\000017_depth_modified.png 133.606 124.531 552.156 163.76 90.6345 589.794 179.319 88.029 602 189.088 99.3236 617.771 203.537 118.873 624.823
E:\datasets\hand\CVAR\P1\000018_depth_modified.png 134.079 123.212 548.681 164.699 90.0794 590.118 179.718 88.0865 601.927 188.773 99.8077 617.991 202.773 119.346 623.349
E:\datasets\hand\CVAR\P1\000019_depth_modified.png 134.576 123.618 546.733 165.689 90.3122 587.041 180.139 88.7413 604.439 188.827 100.06 618.049 202.84 120.064 626.279
E:\datasets\hand\CVAR\P1\000020_depth_modified.png 135.815 121.515 546.417 167 90.2078 592.403 180.85 88.8722 605.906 188.434 99.4332 616.203 202.458 120.713 623.882
E:\datasets\hand\CVAR\P1\000021_depth_modified.png 135.336 122.285 543.339 166.307 90.1968 592.317 180.107 88.732 603.243 187.449 99.2968 617.595 201.124 120.536 626.157
E:\datasets\hand\CVAR\P1\000022_depth_modified.png 135.48 122.753 540.647 166.585 90.279 588.587 179.809 89.0333 606.083 187.38 100.095 619.948 200.545 121.091 629.159
E:\datasets\hand\CVAR\P1\000023_depth_modified.png 136.173 122.087 541.186 166.318 90.1417 588.5 180.122 89.6554 604.603 187.418 100.958 620.948 199.951 121.388 630.145
E:\datasets\hand\CVAR\P1\000024_depth_modified.png 137.211 121.143 537.855 166.985 91.1154 589.162 180.165 90.0227 607.722 187.262 100.27 617.191 199.909 122.092 631.779
E:\datasets\hand\CVAR\P1\000025_depth_modified.png 137.681 121.42 538.361 168.531 90.4183 587.859 181.067 90.0746 606.735 187.17 99.6781 618.991 199.652 122.355 630.136
E:\datasets\hand\CVAR\P1\000026_depth_modified.png 139.604 119.679 537.458 169.656 90.2637 590.111 181.28 90.6833 608.521
E:\datasets\hand\CVAR\P1\000027_depth_modified.png 139.824 119.66 534.815 168.945 91.3393 591.76 181.02 91.0609 609.855
E:\datasets\hand\CVAR\P1\000028_depth_modified.png 140.417 118.738 535.991 169.353 91.2119 591.671 181.114 91.0856 613.132
E:\datasets\hand\CVAR\P1\000029_depth_modified.png 140.358 118.793 533.888 167.468 91.059 586.135 180.045 91.7777 608.76
E:\datasets\hand\CVAR\P1\000030_depth_modified.png 141.092 117.936 532.906 168.686 91.0825 590.29 180.236 91.7476 612.733
E:\datasets\hand\CVAR\P1\000031_depth_modified.png 141.837 117.618 530.745 171.706 90.9752 593.856 180.745 91.7571 609.768
E:\datasets\hand\CVAR\P1\000032_depth_modified.png 142.055 117.355 530.035 171.11 90.4107 591.383 181.118 91.813 607.583
E:\datasets\hand\CVAR\P1\000033_depth_modified.png 142.88 116.57 530.238 171.949 90.1557 591.308 181.054 91.8601 607.284
E:\datasets\hand\CVAR\P1\000034_depth_modified.png 144.883 114.917 529.119 171.102 90.2464 590.68 181.644 91.8463 609.11
E:\datasets\hand\CVAR\P1\000035_depth_modified.png 145.712 114.584 527.596 173.934 90.2564 597.039 181.063 92.2931 613.805
E:\datasets\hand\CVAR\P1\000036_depth_modified.png 146.33 114.169 524.783 172.304 90.205 588.623 181.01 92.0973 606.342
E:\datasets\hand\CVAR\P1\000037_depth_modified.png 147.509 113.747 526.764 173.074 90.357 589.05 181.622 93.0189 609.625
E:\datasets\hand\CVAR\P1\000038_depth_modified.png 175.702 90.5482 594.876
E:\datasets\hand\CVAR\P1\000039_depth_modified.png 176.164 91.403 594.966
E:\datasets\hand\CVAR\P1\000040_depth_modified.png 176.961 91.5676 600.087
E:\datasets\hand\CVAR\P1\000041_depth_modified.png 177.932 91.4216 602.494
E:\datasets\hand\CVAR\P1\000042_depth_modified.png 178.293 91.4519 599.924
E:\datasets\hand\CVAR\P1\000043_depth_modified.png 178.475 91.505 602.012
E:\datasets\hand\CVAR\P1\000044_depth_modified.png 177.736 91.3812 603.535
E:\datasets\hand\CVAR\P1\000045_depth_modified.png 177.831 91.2585 604.022
E:\datasets\hand\CVAR\P1\000046_depth_modified.png 177.635 91.381 606.322
E:\datasets\hand\CVAR\P1\000047_depth_modified.png 159.313 109.051 527.434 178.644 91.3072 601.644
E:\datasets\hand\CVAR\P1\000048_depth_modified.png 162.049 109.29 528.609 180.697 91.5799 606.244 184.165 96.197 617.406
E:\datasets\hand\CVAR\P1\000049_depth_modified.png 163.971 108.863 528.241 181.485 92.3723 607.023 184.364 96.2765 615.452
E:\datasets\hand\CVAR\P1\000050_depth_modified.png 165.166 109.676 529.114 182.045 92.2535 609.095 184.366 95.9207 614.568
E:\datasets\hand\CVAR\P1\000051_depth_modified.png 166.665 109.319 528.984 182.005 93.563 612.125 184.183 96.6252 616.821
E:\datasets\hand\CVAR\P1\000052_depth_modified.png 182.013 93.7803 608.618 183.385 96.6488 610.561
E:\datasets\hand\CVAR\P1\000053_depth_modified.png 183.006 92.9908 606.07
E:\datasets\hand\CVAR\P1\000054_depth_modified.png 184.514 93.0918 606.662
E:\datasets\hand\CVAR\P1\000055_depth_modified.png 184.947 93.0348 600.344
E:\datasets\hand\CVAR\P1\000056_depth_modified.png 185.175 93.2349 604.633
E:\datasets\hand\CVAR\P1\000057_depth_modified.png 184.989 93.1339 604.983
E:\datasets\hand\CVAR\P1\000058_depth_modified.png 184.269 93.2048 603.583
E:\datasets\hand\CVAR\P1\000059_depth_modified.png 184.662 94.0254 610.484
E:\datasets\hand\CVAR\P1\000060_depth_modified.png 184.789 95.0441 609.197
E:\datasets\hand\CVAR\P1\000061_depth_modified.png 184.717 95.9557 609.294
E:\datasets\hand\CVAR\P1\000062_depth_modified.png 184.303 96.079 612.063
E:\datasets\hand\CVAR\P1\000063_depth_modified.png 183.711 96.2335 617.492
E:\datasets\hand\CVAR\P1\000064_depth_modified.png 183.439 96.4524 616.409
E:\datasets\hand\CVAR\P1\000065_depth_modified.png 183.22 97.2451 619.337
E:\datasets\hand\CVAR\P1\000066_depth_modified.png 163.693 133.269 648.017 171.79 113.603 650.055 184.297 96.9029 618.506 196.96 107.208 533.478
E:\datasets\hand\CVAR\P1\000067_depth_modified.png 163.438 132.134 646.336 171.763 113.609 650.933 184.564 97.0227 619.08 199.219 107.628 534.527
E:\datasets\hand\CVAR\P1\000068_depth_modified.png 162.384 132.462 644.184 171.751 113.051 652.402 185.986 97.3085 619.737 202.411 107.948 535.022
E:\datasets\hand\CVAR\P1\000069_depth_modified.png 162.01 130.583 648.869 171.458 112.443 653.209 186.821 97.0501 619.82 203.619 107.969 536.604
E:\datasets\hand\CVAR\P1\000070_depth_modified.png 161.183 131.821 645.654 170.678 113.44 652.609 187.337 97.1239 617.714 205.11 108.531 535.846
E:\datasets\hand\CVAR\P1\000071_depth_modified.png 161.094 130.802 646.685 170.661 113.406 652.377 187.968 96.9761 622.353 206.166 108.061 537.229
E:\datasets\hand\CVAR\P1\000072_depth_modified.png 159.783 130.618 646.26 178.901 103.661 643.049 188.685 97.1414 622.059 207.58 108.423 538.795
E:\datasets\hand\CVAR\P1\000073_depth_modified.png 157.754 130.208 639.989 177.945 102.819 644.388 188.867 96.9803 619.43 210.005 108.573 539.149
E:\datasets\hand\CVAR\P1\000074_depth_modified.png 157.18 128.266 638.053 169.414 109.436 648.865 178.329 101.889 640.476 189.996 95.9457 620.319 212.714 108.44 539.193
E:\datasets\hand\CVAR\P1\000075_depth_modified.png 156.298 127.51 636.578 169.419 108.444 647.227 178.082 101.043 643.412 190.792 95.9625 619.82 214.817 108.552 539.646
E:\datasets\hand\CVAR\P1\000076_depth_modified.png 155.36 125.408 635.415 167.442 107.961 645.043 177.718 100.083 640.59 191.649 95.1124 624.254 216.718 108.739 540.825
E:\datasets\hand\CVAR\P1\000077_depth_modified.png 154.727 124.115 626.184 167.344 106.076 641.124 176.955 98.9698 636.405 191.856 94.0313 620.62 218.309 109.213 537.793
E:\datasets\hand\CVAR\P1\000078_depth_modified.png 153.712 122.258 624.152 165.861 104.27 639.205 176.833 96.8216 635.295 191.56 92.8224 614.91 219.659 108.387 535.988
E:\datasets\hand\CVAR\P1\000079_depth_modified.png 153.1 121.017 622.078 164.905 103.143 635.6 176.155 94.968 631.284 191.895 91.0363 605.014 220.167 107.723 533.024
E:\datasets\hand\CVAR\P1\000080_depth_modified.png 152.421 119.744 617.124 165.502 100.782 628.337 174.968 93.953 625.341 191.517 90.0299 604.703 221.167 107.266 532.205
E:\datasets\hand\CVAR\P1\000081_depth_modified.png 151.806 118.455 616.436 163.172 102.205 625 175.006 92.1127 625.208 191.476 88.7755 605.423 221.922 106.819 531.159
E:\datasets\hand\CVAR\P1\000082_depth_modified.png 150.644 116.781 609.898 162.022 98.3505 621.244 173.319 90.6071 618.516 190.45 86.9201 597.91 221.855 105.522 532.096
E:\datasets\hand\CVAR\P1\000083_depth_modified.png 148.984 116.243 607.106 159.979 97.2403 616.091 171.342 88.8697 611.892 188.997 85.2262 596.109 221.928 104.61 528.073
E:\datasets\hand\CVAR\P1\000084_depth_modified.png 147.337 115.992 599.439 157.847 98.0501 611.257 169.069 87.6721 605.396 187.5 83.9272 589.688 222.236 104.165 523.667
E:\datasets\hand\CVAR\P1\000085_depth_modified.png 146.388 114.179 598.936 156.918 95.3054 607.341 167.662 86.5771 601.879 186.408 82.7763 587.651 222.178 103.509 520.427
E:\datasets\hand\CVAR\P1\000086_depth_modified.png 145.349 114.954 592.636 155.221 95.2637 600.289 166.586 84.9407 597.013 185.269 81.8361 585.928 222.289 102.058 518.728
E:\datasets\hand\CVAR\P1\000087_depth_modified.png 143.169 114.176 586.415 153.697 92.2658 593.075 164.171 82.9382 589.137 182.904 79.0495 575.687 221.321 100.058 513.398
E:\datasets\hand\CVAR\P1\000088_depth_modified.png 142.171 113.15 581.208 151.768 92.7282 588.518 162.802 81.0709 585.675 181.737 76.8017 568.548 220.067 97.4974 510.114
E:\datasets\hand\CVAR\P1\000089_depth_modified.png 141.385 112.761 580.355 150.753 92.1843 586.408 161.778 80.4458 580.66 180.3 74.9582 564.435 218.93 95.5937 504.714
E:\datasets\hand\CVAR\P1\000090_depth_modified.png 141.313 111.993 580.367 150.244 91.1109 583.25 160.825 79.0039 575.609 179.342 73.7312 561.213 217.713 93.9924 500.33
E:\datasets\hand\CVAR\P1\000091_depth_modified.png 141.155 111.322 580.962 150.095 90.9115 582.118 160.507 79.6454 576.054 178.922 72.9102 557.714 216.87 92.6945 499.711
E:\datasets\hand\CVAR\P1\000092_depth_modified.png 141.341 112.05 579.538 150.379 90.357 581.651 159.405 80.0566 574.038 177.655 71.9836 555.963 214.381 91.5205 494.189
E:\datasets\hand\CVAR\P1\000093_depth_modified.png 141.601 113.605 581.282 150.835 89.2748 586.844 158.845 77.9578 573.735 175.611 71.7358 554.77 211.711 89.9245 489.978
E:\datasets\hand\CVAR\P1\000094_depth_modified.png 142.297 114.099 586.661 158.655 78.8248 573.177 174.399 71.121 553.321 209.373 88.9 488.33
E:\datasets\hand\CVAR\P1\000095_depth_modified.png 142.564 115.697 584.514 157.927 79.7129 571.728 172.937 71.8437 551.553 207.457 88.5619 486.789
E:\datasets\hand\CVAR\P1\000096_depth_modified.png 144.445 115.579 588.717 158.068 80.0363 573.988 172.044 71.8686 552.552 204.647 88.057 486.648
E:\datasets\hand\CVAR\P1\000097_depth_modified.png 144.536 116.6 590.523 157.258 80.8314 574.764 170.8 72.1684 553.286 202.83 87.8763 485.081
E:\datasets\hand\CVAR\P1\000098_depth_modified.png 146.426 117.395 594.206 157.951 81.958 578.391 170.658 73.8279 551.024 201.292 88.9787 484.079
E:\datasets\hand\CVAR\P1\000099_depth_modified.png 148.629 119.093 598.93 161.303 81.982 576.33 170.286 75.0302 556.346 199.205 89.6537 483.849
E:\datasets\hand\CVAR\P1\000100_depth_modified.png 150.829 119.606 599.248 161.706 82.6359 576.852 169.71 75.2102 559.5 197.053 90.0212 482.69
E:\datasets\hand\CVAR\P1\000101_depth_modified.png 156.884 96.5664 595.284 169.266 76.8407 554.482 195.049 91.366 482.583
E:\datasets\hand\CVAR\P1\000102_depth_modified.png 168.682 77.998 557.376 193.314 92.6404 482.159
E:\datasets\hand\CVAR\P1\000103_depth_modified.png 167.481 79.0973 559.692 189.864 93.186 487.588
E:\datasets\hand\CVAR\P1\000104_depth_modified.png 161.874 86.5492 576.439 165.884 79.0945 555.781 184.051 93.6372 482.516
E:\datasets\hand\CVAR\P1\000105_depth_modified.png 165.122 78.9958 555.75 181.655 94.0015 480.116
E:\datasets\hand\CVAR\P1\000106_depth_modified.png 164.983 79.3057 555.956
E:\datasets\hand\CVAR\P1\000107_depth_modified.png 164.242 79.9957 551.608
E:\datasets\hand\CVAR\P1\000108_depth_modified.png 163.942 80.0803 556.314
E:\datasets\hand\CVAR\P1\000109_depth_modified.png 163.39 80.1433 552.149
E:\datasets\hand\CVAR\P1\000110_depth_modified.png 163.135 80.9032 552.877
E:\datasets\hand\CVAR\P1\000111_depth_modified.png 161.667 80.2762 551.543
E:\datasets\hand\CVAR\P1\000112_depth_modified.png 160.683 80.133 551.372
E:\datasets\hand\CVAR\P1\000113_depth_modified.png 160.418 80.0574 552.052
E:\datasets\hand\CVAR\P1\000114_depth_modified.png 159.969 80.4408 553.571
E:\datasets\hand\CVAR\P1\000115_depth_modified.png 159.986 80.3196 552.92
E:\datasets\hand\CVAR\P1\000116_depth_modified.png 159.668 80.4222 555.903
E:\datasets\hand\CVAR\P1\000117_depth_modified.png 158.962 81.5622 556.716
E:\datasets\hand\CVAR\P1\000118_depth_modified.png 158.356 81.4914 556.75
E:\datasets\hand\CVAR\P1\000119_depth_modified.png 156.909 82.0883 554.6
E:\datasets\hand\CVAR\P1\000120_depth_modified.png 141.942 108.848 480.151 156.301 83.8925 552.943 165.482 85.09 577.313
E:\datasets\hand\CVAR\P1\000121_depth_modified.png 138.193 111.546 484.464 156.671 82.5692 557.295 166.193 84.2384 578.467 176.056 93.4975 595
E:\datasets\hand\CVAR\P1\000122_depth_modified.png 134 114.631 487.85 155.19 83.1987 560.297 166.021 83.6914 579 177.459 93.0594 595.886
E:\datasets\hand\CVAR\P1\000123_depth_modified.png 131.366 116.07 487.664 151.112 83.8969 548.971 164.972 82.9266 573.485 177.379 92.4864 592.313
E:\datasets\hand\CVAR\P1\000124_depth_modified.png 130.328 118.277 488.732 151.043 83.8667 552.348 165.242 82.9815 573.661 177.482 92.7356 593.8
E:\datasets\hand\CVAR\P1\000125_depth_modified.png 128.372 119.975 492.965 151.268 84.2563 554.147 164.826 82.7757 574.333 177.471 91.7715 592.289 188.821 113.526 609.105
E:\datasets\hand\CVAR\P1\000126_depth_modified.png 126.18 122.38 494.558 148.814 85.017 547.147 163.773 82.0197 569.588 177.045 90.2628 588.904 190.061 111.752 603.12
E:\datasets\hand\CVAR\P1\000127_depth_modified.png 122.995 126.01 495.263 146.829 84.98 553.316 162.922 80.9931 570.384 177.123 89.2168 585.778 191.582 109.754 600.915
E:\datasets\hand\CVAR\P1\000128_depth_modified.png 122.568 126.144 499.643 146.022 85.1939 549.417 162.567 80.9034 565.303 177.006 89.2499 582.041 192.581 108.183 595.841
E:\datasets\hand\CVAR\P1\000129_depth_modified.png 121.359 127.55 502.333 145.727 86.3053 547.301 162.131 79.8261 561.608 177.102 87.7051 576.837 193.581 107.009 592.445
E:\datasets\hand\CVAR\P1\000130_depth_modified.png 120.326 128.617 507.218 145.54 85.9694 549.312 162.585 79.7639 564.913 177.866 87.8131 576.305 194.794 106.251 590.629
E:\datasets\hand\CVAR\P1\000131_depth_modified.png 120.691 128.043 514.638 145.991 86.0198 552.675 162.997 78.9793 562.587 178.455 85.8299 574.275 196.653 105.025 587.099
E:\datasets\hand\CVAR\P1\000132_depth_modified.png 121.165 128.775 518.341 147.6 84.0201 552.253 164.563 77.8477 560.4 180.356 83.8293 573.889 198.976 103.55 581.556
E:\datasets\hand\CVAR\P1\000133_depth_modified.png 121.975 128.21 520.237 148.69 83.7602 553.265 165.789 76.8557 557 181.639 82.7038 566.763 200.776 101.682 581.68
E:\datasets\hand\CVAR\P1\000134_depth_modified.png 122.594 128.468 521.824 149.982 82.8091 551.241 166.842 75.7627 553.238 183.181 81.6651 565.153 202.65 100.627 576.177
E:\datasets\hand\CVAR\P1\000135_depth_modified.png 122.798 128.761 522.344 149.909 83.4698 546.911 167.597 74.9656 553.07 183.385 80.9956 561.961 203.028 99.765 573.671
E:\datasets\hand\CVAR\P1\000136_depth_modified.png 123.237 127.964 526.127 150.418 82.7384 548.301 168.02 74.1201 554.205 184.218 80.4365 562 203.789 98.6503 575.161
E:\datasets\hand\CVAR\P1\000137_depth_modified.png 124.273 126.286 526.606 152.327 78.8469 542.705 169.505 71.5033 536.258 185.938 78.6618 557.056 205.992 96.954 567.037
E:\datasets\hand\CVAR\P1\000138_depth_modified.png 124.862 124.566 527.992 154.706 76.1954 526.118 171.493 69.8673 542.105 187.901 76.6968 550.663 208.25 95.6573 559.915
E:\datasets\hand\CVAR\P1\000139_depth_modified.png 125.611 122.541 524.594 155.004 75.0668 532.717 172.477 67.8634 537.932 189.081 74.6186 550.82 209.559 93.8255 559.494
E:\datasets\hand\CVAR\P1\000140_depth_modified.png 125.537 120.962 524.009 155.456 72.9277 526.121 173.233 65.6931 532.692 190.05 72.5118 544.445 210.491 91.9197 554.111
E:\datasets\hand\CVAR\P1\000141_depth_modified.png 125.855 120.322 525.203 155.535 72.0043 522.654 173.26 64.801 532.241 190.201 71.6771 542.874 211.09 91.5655 550.639
E:\datasets\hand\CVAR\P1\000142_depth_modified.png 126.496 119.803 524.285 155.732 71.674 524.345 174.042 64.5416 534.27 190.947 71.5588 543.124 211.425 90.9459 550.962
E:\datasets\hand\CVAR\P1\000143_depth_modified.png 126.745 120.06 526.075 156.429 70.0981 525.891 174.041 64.7566 534.055 191.221 72.1537 545.309 211.985 90.6991 547.456
E:\datasets\hand\CVAR\P1\000144_depth_modified.png 126.507 118.815 527.305 156.287 70.9588 524.527 173.774 64.0326 532.476 190.989 71.6084 545.775 211.5 90.8969 549.975
E:\datasets\hand\CVAR\P1\000145_depth_modified.png 126.605 119.043 523.847 155.818 70.9127 526.828 174.338 63.8788 533.302 190.949 71.3879 546.032 211.792 90.5869 551.654
E:\datasets\hand\CVAR\P1\000146_depth_modified.png 126.915 119.27 526.735 155.899 73.5526 532.061 174.865 63.9281 534.732 191.547 71.8622 546.596 212.381 91.0421 554.437
E:\datasets\hand\CVAR\P1\000147_depth_modified.png 127.582 119.087 524.348 155.368 76.7736 538.752 175.66 64.0731 532.288 192.106 72.1688 545.597 212.308 91.585 551.314
E:\datasets\hand\CVAR\P1\000148_depth_modified.png 127.841 119.254 525.95 155.404 79.925 546.373 175.931 64.6528 533.607 192.709 72.3272 545.805 213.057 91.6111 553.361
E:\datasets\hand\CVAR\P1\000149_depth_modified.png 128.547 118.818 524.796 154.935 84.9091 560.791 176.011 64.7965 537.373 192.276 72.7435 548.5 213.382 92.2205 553.593
E:\datasets\hand\CVAR\P1\000150_depth_modified.png 128.075 118.343 521.664 153.75 89.9157 563.196 174.488 64.9569 539.096 191.278 71.745 544.35 212.154 91.5958 554.658
E:\datasets\hand\CVAR\P1\000151_depth_modified.png 127.679 118.623 521.325 174.104 65.755 537.322 190.414 71.912 548.894 211.801 91.6105 552.95
E:\datasets\hand\CVAR\P1\000152_depth_modified.png 126.957 119.127 522.619 172.471 67.3682 540.719 172.417 65.7254 539.253 189.35 71.9038 546.449 210.862 91.5189 555.438
E:\datasets\hand\CVAR\P1\000153_depth_modified.png 126.736 119.464 522.603 171.811 66.786 539.639 188.954 72.9157 548.807 210.813 91.6446 556.744
E:\datasets\hand\CVAR\P1\000154_depth_modified.png 126.206 120.129 522.034 170.253 67.8133 540.974 187.351 73.6393 550.953 209.446 91.9359 556.25
E:\datasets\hand\CVAR\P1\000155_depth_modified.png 126.422 119.953 521.313 169.754 68.1352 543.803 187.206 73.0883 551.65 209.432 91.8621 557.215
E:\datasets\hand\CVAR\P1\000156_depth_modified.png 126.401 119.904 521.983 169.531 69.6586 547 186.906 73.8387 552.329 209.565 92.1849 555.439
E:\datasets\hand\CVAR\P1\000157_depth_modified.png 125.717 120.386 520.596 168.299 70.9683 551.416 186.085 74.4834 553.489 208.95 92.6105 556.437
E:\datasets\hand\CVAR\P1\000158_depth_modified.png 125.738 120.441 523.398 167.243 73.0272 556.079 185.154 74.8984 552.266 208.08 92.7829 559.667
E:\datasets\hand\CVAR\P1\000159_depth_modified.png 125.463 119.287 521.648 166.146 74.798 560.21 184.158 74.7575 553.877 207.686 92.3716 556.407
E:\datasets\hand\CVAR\P1\000160_depth_modified.png 125.405 119.988 524.188 165.604 75.9615 558.494 183.583 74.9273 553.722 207.523 92.4345 556.345
E:\datasets\hand\CVAR\P1\000161_depth_modified.png 125.583 119.902 522.254 164.944 77.8167 561.244 183.191 75.7066 556.215 207.758 92.5106 557.591
E:\datasets\hand\CVAR\P1\000162_depth_modified.png 126.214 120.234 522.256 164.483 79.7145 564.84 182.576 77.0133 560.064 207.941 92.711 557.538
E:\datasets\hand\CVAR\P1\000163_depth_modified.png 126.622 120.74 521.434 165.038 80.9372 566.449 182.459 77.9651 559.679 208.391 93.4227 557.678
E:\datasets\hand\CVAR\P1\000164_depth_modified.png 127.584 119.666 522.789 164.158 82.2434 562.5 181.494 78.9076 560.038 208.277 92.9818 559.432
E:\datasets\hand\CVAR\P1\000165_depth_modified.png 127.727 119.501 523.495 163.523 84.0219 567.037 180.43 79.9584 564.354 207.77 93.0799 558.802
E:\datasets\hand\CVAR\P1\000166_depth_modified.png 127.054 119.32 524.85 163.064 85.114 566.859 179.552 80.7205 566.813 207.474 92.8742 558.851
E:\datasets\hand\CVAR\P1\000167_depth_modified.png 126.701 119.502 524.699 162.421 85.1546 567.628 179.14 80.8018 563.938 206.627 92.9528 561.253
E:\datasets\hand\CVAR\P1\000168_depth_modified.png 126.506 119.897 523.243 162.974 86.0081 568 179.536 80.9012 563.377 206.774 93.8072 558.763
E:\datasets\hand\CVAR\P1\000169_depth_modified.png 126.368 120.025 522.407 162.776 87.7017 565.037 179.851 81.0307 566.192 206.762 93.8592 561.05
E:\datasets\hand\CVAR\P1\000170_depth_modified.png 127.539 119.605 523.527 163.213 90.9411 573.184 180.286 81.7809 563.691 207.617 93.7115 557.175
E:\datasets\hand\CVAR\P1\000171_depth_modified.png 127.407 119.964 523.13 162.806 95.324 572.045 180.327 81.8457 567.612 207.897 93.1441 555.887
E:\datasets\hand\CVAR\P1\000172_depth_modified.png 127.863 119.352 521.479 180.046 82.1822 567.097 207.92 93.0709 558.028
E:\datasets\hand\CVAR\P1\000173_depth_modified.png 127.962 119.322 522.62 179.917 82.9346 568.616 207.976 93.188 556.943
E:\datasets\hand\CVAR\P1\000174_depth_modified.png 127.379 119.078 521.678 179.93 83.93 568.68 208.066 92.9738 556.811
E:\datasets\hand\CVAR\P1\000175_depth_modified.png 127.425 118.944 520.983 179.101 85.0599 571.26 208.174 92.8261 554.39
E:\datasets\hand\CVAR\P1\000176_depth_modified.png 128.478 119.87 523 179.599 88.9464 570.408 208.911 93.8706 561.077
E:\datasets\hand\CVAR\P1\000177_depth_modified.png 128.378 120.048 521.465 179.06 91.3696 569.989 208.938 94.0887 558.722
E:\datasets\hand\CVAR\P1\000178_depth_modified.png 128.573 119.927 520.93 178.04 95.193 569.83 208.726 94.8032 556.587
E:\datasets\hand\CVAR\P1\000179_depth_modified.png 129.003 119.715 521.6 176.016 97.8536 569.274 208.155 94.7872 560.25
E:\datasets\hand\CVAR\P1\000180_depth_modified.png 129.952 119.035 520.311 164.658 104.223 560.252 178.727 99.8162 563.96 207.881 94.9862 559.173
E:\datasets\hand\CVAR\P1\000181_depth_modified.png 128.489 119.428 525.165 163.927 104.207 563.826 177.031 100.612 562.725 208.074 95.5483 563.389
E:\datasets\hand\CVAR\P1\000182_depth_modified.png 128.965 119.761 523.155 163.316 105.006 565.523 169.305 102.59 562.478 207.099 95.7633 563.705 207.356 97.7522 562.795
E:\datasets\hand\CVAR\P1\000183_depth_modified.png 128.681 119.654 523.074 163.761 105.209 563.066 207.119 96.0762 562.814
E:\datasets\hand\CVAR\P1\000184_depth_modified.png 128.586 120.324 521.517 166.741 104.427 560.631 206.774 96.827 565.333
E:\datasets\hand\CVAR\P1\000185_depth_modified.png 129.104 120.466 522.352 168.294 104.567 562.696 206.45 97.8743 568.608
E:\datasets\hand\CVAR\P1\000186_depth_modified.png 128.861 120.565 523.967 164.751 106.176 562.664 206.07 98.7629 567.392
E:\datasets\hand\CVAR\P1\000187_depth_modified.png 129.003 120.609 522.47 166.246 106.19 559.565 205.894 98.9591 571.892
E:\datasets\hand\CVAR\P1\000188_depth_modified.png 129.036 120.443 522.301 167.838 106.378 558 206.398 99.894 573.015
E:\datasets\hand\CVAR\P1\000189_depth_modified.png 128.946 119.675 523.297 169.87 105.976 557.369 206.272 100.821 571.616
E:\datasets\hand\CVAR\P1\000190_depth_modified.png 129.24 118.917 519.846 170.561 106.11 557.248 206.38 101.047 573.062
E:\datasets\hand\CVAR\P1\000191_depth_modified.png 129.475 117.954 521.681 170.11 106.057 556.6 206.489 101.957 575.162
E:\datasets\hand\CVAR\P1\000192_depth_modified.png 129.572 117.713 519.854 171.709 106.343 554.274 205.701 103.059 574.084
E:\datasets\hand\CVAR\P1\000193_depth_modified.png 129.165 117.706 520.181 170.99 107.225 555.907 200.637 106.994 574.172
E:\datasets\hand\CVAR\P1\000194_depth_modified.png 129.057 117.434 520.585 171.135 107.154 554.349
E:\datasets\hand\CVAR\P1\000195_depth_modified.png 129.215 117.558 518.174 169.322 107.047 552.544
E:\datasets\hand\CVAR\P1\000196_depth_modified.png 130.304 117.237 521.81 169.898 107.073 554.919
E:\datasets\hand\CVAR\P1\000197_depth_modified.png 130.163 116.871 516.058 171.835 106.425 550.959
E:\datasets\hand\CVAR\P1\000198_depth_modified.png 130.877 116.79 517.164 171.782 106.21 550.555
E:\datasets\hand\CVAR\P1\000199_depth_modified.png 129.838 118.03 515.36
E:\datasets\hand\CVAR\P1\000200_depth_modified.png 131.358 116.574 515.525 172.719 106.374 549.45
E:\datasets\hand\CVAR\P1\000201_depth_modified.png 131.028 116.696 515.983 172.556 107.412 549.424
E:\datasets\hand\CVAR\P1\000202_depth_modified.png 130.557 116.537 515.496 171.593 108.394 546.347
E:\datasets\hand\CVAR\P1\000203_depth_modified.png 131.222 114.88 516.949 169.8 111.029 538.709
E:\datasets\hand\CVAR\P1\000204_depth_modified.png 131.663 113.772 514.728 171.932 113.83 526.986
E:\datasets\hand\CVAR\P1\000205_depth_modified.png 132.277 112.844 516.008 161.058 114.861 526.823
E:\datasets\hand\CVAR\P1\000206_depth_modified.png 132.41 110.206 513.85 182.287 116.853 518.209
E:\datasets\hand\CVAR\P1\000207_depth_modified.png 132.907 109.031 510.58 182.026 116.924 519.293
E:\datasets\hand\CVAR\P1\000208_depth_modified.png 134.631 106.915 509.566 182.908 116.862 519.992
E:\datasets\hand\CVAR\P1\000209_depth_modified.png 139.941 101.769 508.25 185.791 117.473 520.71 199.277 133.251 526.825
E:\datasets\hand\CVAR\P1\000210_depth_modified.png 145.262 97.3021 507.36
E:\datasets\hand\CVAR\P1\000211_depth_modified.png 149.128 94.5026 505.165
E:\datasets\hand\CVAR\P1\000212_depth_modified.png 151.49 92.7686 506.596
E:\datasets\hand\CVAR\P1\000213_depth_modified.png 154.467 91.1409 504.915
E:\datasets\hand\CVAR\P1\000214_depth_modified.png 158.743 89.0107 508.126
E:\datasets\hand\CVAR\P1\000215_depth_modified.png 160.197 88.0441 508.721
E:\datasets\hand\CVAR\P1\000216_depth_modified.png 162.174 87.0876 507.208
E:\datasets\hand\CVAR\P1\000217_depth_modified.png 164.272 86.8268 509.981
E:\datasets\hand\CVAR\P1\000218_depth_modified.png 167.233 85.9541 512.155
E:\datasets\hand\CVAR\P1\000219_depth_modified.png 169.888 86.0876 518.01
E:\datasets\hand\CVAR\P1\000220_depth_modified.png 173.386 86.8548 521.273
E:\datasets\hand\CVAR\P1\000221_depth_modified.png 176.887 86.9059 524.835
E:\datasets\hand\CVAR\P1\000222_depth_modified.png 179.635 86.2194 527.917
E:\datasets\hand\CVAR\P1\000223_depth_modified.png 184.435 86.8812 531.096
E:\datasets\hand\CVAR\P1\000224_depth_modified.png 186.997 86.8765 533.757
E:\datasets\hand\CVAR\P1\000225_depth_modified.png 186.695 85.1843 534.515
E:\datasets\hand\CVAR\P1\000226_depth_modified.png 185.026 83.1724 530.096
E:\datasets\hand\CVAR\P1\000227_depth_modified.png 183.9 81.2235 523.185
E:\datasets\hand\CVAR\P1\000228_depth_modified.png 183.924 80.8157 522.281
E:\datasets\hand\CVAR\P1\000229_depth_modified.png 183.024 80.8687 524.97
E:\datasets\hand\CVAR\P1\000230_depth_modified.png 180.869 80.8892 525.745
E:\datasets\hand\CVAR\P1\000231_depth_modified.png 176.072 81.8267 524.94
E:\datasets\hand\CVAR\P1\000232_depth_modified.png 173.29 82.9208 527.34
E:\datasets\hand\CVAR\P1\000233_depth_modified.png 171.862 83.8741 526.572
E:\datasets\hand\CVAR\P1\000234_depth_modified.png 168.217 85.0519 526.625
E:\datasets\hand\CVAR\P1\000235_depth_modified.png 163.088 88.3487 518.798 162.422 138.641 499.182
E:\datasets\hand\CVAR\P1\000236_depth_modified.png 159.471 90.9796 524.008 162.137 144.066 499.203
E:\datasets\hand\CVAR\P1\000237_depth_modified.png 154.592 89.9882 522.451
E:\datasets\hand\CVAR\P1\000238_depth_modified.png 152.122 91.1853 519.396 180.359 113.712 537.229
E:\datasets\hand\CVAR\P1\000239_depth_modified.png 149.58 91.4986 517.75 180.461 113.776 533.073 158.178 144.005 497.17
E:\datasets\hand\CVAR\P1\000240_depth_modified.png 147.203 92.8081 518.982 178.923 113.047 534.975
E:\datasets\hand\CVAR\P1\000241_depth_modified.png 143.024 94.9598 513.963 178.193 112.849 530.962 202.243 135.712 536.481
E:\datasets\hand\CVAR\P1\000242_depth_modified.png 140.354 96.0366 512.75
E:\datasets\hand\CVAR\P1\000243_depth_modified.png 137.923 98.2608 512.208 175.666 112.834 531.257
E:\datasets\hand\CVAR\P1\000244_depth_modified.png 135.96 100.88 514.239 172.795 112.766 530.722
E:\datasets\hand\CVAR\P1\000245_depth_modified.png 133.582 103.074 514.798 184.826 117.53 532.47
E:\datasets\hand\CVAR\P1\000246_depth_modified.png 132.78 104.839 513.703 170.074 113.735 531.087 200.609 133.679 533.039
E:\datasets\hand\CVAR\P1\000247_depth_modified.png 131.382 106.9 518.185 163.374 111.813 540.282
E:\datasets\hand\CVAR\P1\000248_depth_modified.png 131.073 109.08 517.086 159.988 110.309 546.822
E:\datasets\hand\CVAR\P1\000249_depth_modified.png 130.296 110.861 520.729 157.791 109.944 552.934
E:\datasets\hand\CVAR\P1\000250_depth_modified.png 130.298 111.211 520.58 156.037 103.737 564.117
E:\datasets\hand\CVAR\P1\000251_depth_modified.png 128.68 112.044 524.482 155.958 96.3711 576.42
E:\datasets\hand\CVAR\P1\000252_depth_modified.png 128.614 111.702 522.08 156.537 90.8623 575.377
E:\datasets\hand\CVAR\P1\000253_depth_modified.png 126.432 112.104 522.473 156.077 84.0369 568.145
E:\datasets\hand\CVAR\P1\000254_depth_modified.png 125.074 114.091 525.5 156.074 81.3784 555.518 156.294 81.2041 555.491
E:\datasets\hand\CVAR\P1\000255_depth_modified.png 124.092 115.889 527.589 154.77 77.4545 547.841 154.881 76.8061 547.374
E:\datasets\hand\CVAR\P1\000256_depth_modified.png 123.324 117.645 531.385 152.247 76.3682 541.339 152.554 75.7587 540.69
E:\datasets\hand\CVAR\P1\000257_depth_modified.png 122.942 117.234 529.521 151.881 76.44 543.889 152.004 75.8291 543.719
E:\datasets\hand\CVAR\P1\000258_depth_modified.png 122.837 118.003 528.231 150.764 76.693 544.982 150.888 76.5729 544.899
E:\datasets\hand\CVAR\P1\000259_depth_modified.png 123.22 117.844 529.446 150.211 78.1387 543.667 150.46 77.9878 543.699
E:\datasets\hand\CVAR\P1\000260_depth_modified.png 122.984 118.832 531.555 151.154 78.4303 547.67 151.105 77.896 547.767
E:\datasets\hand\CVAR\P1\000261_depth_modified.png 123.301 118.668 532.047 151.261 79.2429 550.347 151.482 79.0927 550.169
E:\datasets\hand\CVAR\P1\000262_depth_modified.png 123.554 118.782 532.269 151.239 80.2308 550.708 151.489 80.0888 551.071
E:\datasets\hand\CVAR\P1\000263_depth_modified.png 123.609 119.212 530.734 149.861 80.4693 554.654
E:\datasets\hand\CVAR\P1\000264_depth_modified.png 122.801 119.464 530.399 149.048 79.8686 556.987
E:\datasets\hand\CVAR\P1\000265_depth_modified.png 122.384 119.174 530.857 148.12 80.8563 560.568
E:\datasets\hand\CVAR\P1\000266_depth_modified.png 121.825 120.404 529.087 145.81 82.8824 560.487
E:\datasets\hand\CVAR\P1\000267_depth_modified.png 121.355 120.192 529.549 145.133 85.4198 558.696 163.524 89.1492 581.141
E:\datasets\hand\CVAR\P1\000268_depth_modified.png 121.471 120.771 531.373 145.354 85.9619 559.719 164.46 87.7064 585.975
E:\datasets\hand\CVAR\P1\000269_depth_modified.png 121.283 120.215 529.14 145.125 83.9628 563.266 165.473 83.8924 573.825
E:\datasets\hand\CVAR\P1\000270_depth_modified.png 121.438 119.967 528.46 145.756 83.9941 559.772 166.251 80.6244 573.545
E:\datasets\hand\CVAR\P1\000271_depth_modified.png 120.716 120.408 529.832 145.028 83.854 562.866 165.393 79.7686 571.626
E:\datasets\hand\CVAR\P1\000272_depth_modified.png 120.445 120.107 529.257 143.792 82.8732 561.616 164.462 77.0493 567.365
E:\datasets\hand\CVAR\P1\000273_depth_modified.png 120.042 119.596 526.6 143.737 82.8611 556.902 164.078 76.8244 567.646 164.704 78.1702 566.408
E:\datasets\hand\CVAR\P1\000274_depth_modified.png 119.496 120.024 527.198 143.258 82.9513 561.25 164.01 77.9066 570.511
E:\datasets\hand\CVAR\P1\000275_depth_modified.png 119.346 119.975 527.526 142.973 82.9803 559.222 162.786 77.0796 568.589
E:\datasets\hand\CVAR\P1\000276_depth_modified.png 118.894 119.788 527.864 141.924 83.0404 559.79 161.355 76.0331 568.26
E:\datasets\hand\CVAR\P1\000277_depth_modified.png 117.688 120.647 526.728 141.136 83.9043 560.619 160.205 76.016 562.705
E:\datasets\hand\CVAR\P1\000278_depth_modified.png 116.719 121.298 526.35 140.592 84.8689 560.569 158.772 75.7032 558.337
E:\datasets\hand\CVAR\P1\000279_depth_modified.png 116.831 120.719 526.441 140.056 85.8137 562.942 157.631 76.6972 561.8
E:\datasets\hand\CVAR\P1\000280_depth_modified.png 116.677 120.031 527.444 140.183 85.9224 561.325 157.739 75.2324 560.58
E:\datasets\hand\CVAR\P1\000281_depth_modified.png 116.514 120.706 527.508 140.68 86.0668 561.935 157.365 73.9329 558.725
E:\datasets\hand\CVAR\P1\000282_depth_modified.png 117.278 120.611 527.283 141.294 87.1364 562.797 157.894 73.7186 554.232
E:\datasets\hand\CVAR\P1\000283_depth_modified.png 116.834 121.359 524.324 141.27 87.782 563.663 157.507 73.4444 558.899
E:\datasets\hand\CVAR\P1\000284_depth_modified.png 116.957 120.367 525.418 141.135 87.0458 562.506 157.081 72.3863 556.67
E:\datasets\hand\CVAR\P1\000285_depth_modified.png 116.418 119.777 530.069 140.815 85.969 562.487 157.498 69.8552 553.65
E:\datasets\hand\CVAR\P1\000286_depth_modified.png 116.436 119.975 526.684 140.818 85.8803 561.635 157.067 69.8868 554.512
E:\datasets\hand\CVAR\P1\000287_depth_modified.png 116.166 120.23 527.443 138.87 87.3727 561.947 155.81 69.8443 553.865 169.679 77.9149 563.841
E:\datasets\hand\CVAR\P1\000288_depth_modified.png 115.339 119.138 539.269 137.53 87.8123 561.67 153.543 70.079 548.783 169.648 76.705 562.081
E:\datasets\hand\CVAR\P1\000289_depth_modified.png 115.225 120.081 529.956 136.843 88.6147 561.936 151.384 71.8155 551.216 168.406 76.9314 562.163
E:\datasets\hand\CVAR\P1\000290_depth_modified.png 114.06 121.012 528.449 136.168 89.7512 562.836 149.924 73.041 555.137 167.34 76.0569 559.987
E:\datasets\hand\CVAR\P1\000291_depth_modified.png 113.347 120.095 536.203 135.811 89.5641 563.385 148.922 74.6736 556.916 166.033 76.7708 558.349
E:\datasets\hand\CVAR\P1\000292_depth_modified.png 112.924 120.195 530.364 135.514 88.9342 561.734 149.053 72.9328 556.037 165.421 75.9426 557.023
E:\datasets\hand\CVAR\P1\000293_depth_modified.png 112.719 119.544 527.474 135.154 88.6036 560.531 147.96 72.8937 553.366 165.069 75.8317 558.861
E:\datasets\hand\CVAR\P1\000294_depth_modified.png 112.652 118.819 529.717 135.027 87.3189 560 148.165 72.0323 555.866 165.113 74.9586 557.598
E:\datasets\hand\CVAR\P1\000295_depth_modified.png 113.16 118.174 537.606 135.742 85.8285 559.856 148.678 70.9636 554.555 165.601 73.8967 556.21
E:\datasets\hand\CVAR\P1\000296_depth_modified.png 113.359 117.825 526.836 135.722 85.7712 558.971 148.085 72.2585 552.271 148.142 70.8447 552.535 165.648 73.8102 553.145
E:\datasets\hand\CVAR\P1\000297_depth_modified.png 113.548 118.495 524.059 136.223 85.2256 559.534 148.739 71.7179 552.936 166.784 74.8441 558.447
E:\datasets\hand\CVAR\P1\000298_depth_modified.png 113.846 117.528 528.695 135.686 85.8625 558.272 148.215 70.8718 553.46 166.596 74.7425 558.357 184.008 93.6224 559.895
E:\datasets\hand\CVAR\P1\000299_depth_modified.png 113.255 117.48 532.189 135.29 85.889 558.411 147.876 71.7937 552.533 166.195 74.8693 558.325 184.793 92.025 560.732
E:\datasets\hand\CVAR\P1\000300_depth_modified.png 112.74 117.69 525.903 135.128 85.1975 557.786 147.757 69.8684 549.823 166.276 73.9618 559.171 186.086 90.0576 558.026
E:\datasets\hand\CVAR\P1\000301_depth_modified.png 112.425 117.592 523.217 135.079 84.0579 554.462 147.913 68.913 551.395 166.523 72.809 558.671 187.336 88.0916 551.92
E:\datasets\hand\CVAR\P1\000302_depth_modified.png 111.521 118.237 526.144 135.213 83.3228 557.284 148.261 68.1188 549.512 166.481 71.8287 552.63 188.796 87.6422 554.468
E:\datasets\hand\CVAR\P1\000303_depth_modified.png 109.827 119.329 539.177 134.235 84.6409 554.693 148.013 69.8461 547.842 148.105 67.9154 547.494 165.893 71.1486 553.959 190.599 86.9753 554.618
E:\datasets\hand\CVAR\P1\000304_depth_modified.png 107.011 121.835 533.955 133.829 84.1167 551.243 148.043 67.8487 549.22 165.671 70.9056 554.132 191.404 86.0625 550.32
E:\datasets\hand\CVAR\P1\000305_depth_modified.png 105.89 123.071 529.764 133.703 82.2337 554.475 148.165 67.283 545.948 166.099 69.6085 548.956 192.672 85.0458 548.195
E:\datasets\hand\CVAR\P1\000306_depth_modified.png 104.846 124.201 514.42 132.931 78.4121 541.527 148.26 64.3413 541.333 166.744 66.7292 545.25 194.264 83.2117 543.922
E:\datasets\hand\CVAR\P1\000307_depth_modified.png 104.986 122.934 524.567 132.597 75.2328 537.922 149.424 60.728 533.202 168.677 64.7075 538.809 195.953 82.7137 543.295
E:\datasets\hand\CVAR\P1\000308_depth_modified.png 105.202 122.482 514.076 133.012 73.3474 534.146 150.388 58.9054 528.198 169.639 63.7865 535.222 197.206 82.2473 540.663
E:\datasets\hand\CVAR\P1\000309_depth_modified.png 133.959 70.0708 537.277 151.274 57.8156 524.784 170.217 62.0183 529.593 198.492 80.84 539.839
E:\datasets\hand\CVAR\P1\000310_depth_modified.png 106.19 120.765 530.343 134.493 68.5752 532.403 151.707 57.6888 526.532 170.873 61.7699 527.988 198.614 80.6828 536.581
E:\datasets\hand\CVAR\P1\000311_depth_modified.png 134.15 69.1947 532.65 151.479 57.474 526.816 170.303 61.6454 529.883 198.397 80.5919 537.357
E:\datasets\hand\CVAR\P1\000312_depth_modified.png 134.048 68.4062 533.789 151.158 56.7958 523.489 169.61 61.5883 529.69 197.708 79.8028 533.861
E:\datasets\hand\CVAR\P1\000313_depth_modified.png 134.145 69.0899 532.281 150.925 56.6949 525.845 169.046 60.7431 527.539 196.853 78.7452 535.742
E:\datasets\hand\CVAR\P1\000314_depth_modified.png 104.951 119.133 518.977 133.868 67.4768 532.662 150.675 56.637 526.695 169.052 61.0931 527.84 196.471 78.7159 531.506
E:\datasets\hand\CVAR\P1\000315_depth_modified.png 134.339 69.082 532.32 151.096 56.7205 527.482 168.536 61.89 533.703 196.325 78.1076 533.911
E:\datasets\hand\CVAR\P1\000316_depth_modified.png 106.68 118.463 529.609 134.972 69.3092 533.639 151.399 57.8111 527.739 168.886 62.8072 530.857 196.267 78.8049 533.965
E:\datasets\hand\CVAR\P1\000317_depth_modified.png 107.076 118.418 523.611 135.762 70.1392 533.737 152.025 58.3676 530.283 169.59 62.8894 531.922 196.51 78.6867 535.471
E:\datasets\hand\CVAR\P1\000318_depth_modified.png 136.687 71.0984 537.455 152.669 58.9396 529.952 170.046 63.8562 533.494 197.175 79.3692 533.979
E:\datasets\hand\CVAR\P1\000319_depth_modified.png 109.068 120.037 522.106 137.756 72.6416 537.346 153.287 59.9087 533.686 170.52 64.7855 535.189 197.458 79.8505 536.072
E:\datasets\hand\CVAR\P1\000320_depth_modified.png 137.864 72.8223 538.506 153.468 61.4109 535.515 170.467 65.7344 538.667 197.562 80.0393 537.282
E:\datasets\hand\CVAR\P1\000321_depth_modified.png 138.23 72.9676 537.652 153.348 60.8379 535.092 170.466 65.744 539.7 197.69 80.334 535.453
E:\datasets\hand\CVAR\P1\000322_depth_modified.png 137.352 73.5661 537.517 152.744 60.0446 533.699 169.554 65.2752 537.04 196.293 79.9841 533.747
E:\datasets\hand\CVAR\P1\000323_depth_modified.png 108.477 119.508 533.539 137.022 72.0483 540.951 152.753 60.7619 535.755 169.535 64.9394 540.619 196.52 79.9047 539.562
E:\datasets\hand\CVAR\P1\000324_depth_modified.png 137.281 72.2771 537.779 152.459 61.3963 536.717 168.94 65.9099 539.544 196.219 80.0304 539.925
