210.707 112.927 618.811 193.687 94.635 621.528 180.094 88.832 611.303 163.711 95.555 607.424 135.796 130.865 589.287
210.456 111.943 622.066 194.319 94.839 624.638 180.715 89.263 614.298 163.633 95.907 610.434 137.348 131.153 592.152
211.946 113.207 618.817 195.010 95.429 621.606 181.474 89.796 611.278 165.015 96.603 607.431 137.022 131.706 589.310
210.731 112.716 619.942 193.788 95.396 622.490 180.137 89.853 612.178 163.875 96.713 608.406 136.583 132.051 590.283
209.723 112.844 621.922 192.852 95.549 624.479 179.267 90.419 614.297 163.023 96.852 610.404 136.128 132.423 592.224
209.418 113.980 618.952 192.992 96.527 621.333 179.217 90.935 611.537 162.520 97.455 607.423 135.289 132.791 589.200
207.354 112.759 622.001 191.176 95.460 624.291 177.583 89.431 614.166 160.578 96.683 610.412 134.293 132.766 592.213
208.677 111.616 617.064 191.436 94.422 619.868 177.710 87.455 608.976 161.495 95.359 605.315 133.799 131.292 587.292
209.154 110.702 605.961 190.314 93.972 608.325 177.138 87.298 600.639 160.432 93.953 578.614 132.831 130.597 570.945
209.099 110.851 610.467 190.950 93.711 613.013 177.973 86.406 601.601 161.640 93.999 598.342 133.881 130.191 579.892
208.117 110.430 615.419 191.272 93.243 617.903 177.662 85.393 606.647 162.145 93.219 603.352 133.670 129.800 585.150
208.349 110.902 614.587 191.210 93.330 616.914 178.342 85.694 605.491 162.102 93.215 602.359 133.827 129.423 583.971
207.993 111.399 612.119 191.293 93.759 614.036 178.377 85.941 602.310 162.048 93.186 599.369 133.820 129.198 580.806
207.877 111.475 616.166 191.206 93.928 618.070 178.349 86.222 606.318 162.149 93.400 603.374 134.207 128.971 584.905
204.937 114.064 613.938 189.728 95.917 609.048 179.251 85.716 594.447 162.730 92.807 591.383 134.057 127.239 572.774
204.320 114.987 617.330 189.421 96.647 612.051 179.249 85.794 597.546 162.585 92.819 594.451 134.189 126.531 575.061
202.649 120.076 626.883 189.438 101.139 623.001 180.062 91.734 613.785 163.968 96.378 601.153 134.208 125.564 548.225
202.973 120.089 626.833 189.780 101.183 623.010 180.152 91.628 613.656 164.120 96.566 601.107 134.984 125.581 548.008
203.199 118.280 630.151 190.333 100.387 626.275 180.976 91.172 617.045 164.867 95.797 604.232 134.638 125.283 550.633
202.619 119.725 629.851 190.363 101.163 626.016 181.496 91.424 616.685 165.010 96.313 604.119 135.945 125.294 550.911
203.167 119.264 632.954 190.353 101.343 628.997 182.447 91.913 619.697 165.654 96.979 607.486 136.823 124.586 553.772
201.464 118.618 620.841 188.864 100.310 611.848 180.688 91.328 607.327 166.035 93.878 574.310 135.796 123.232 537.930
201.781 117.922 626.291 188.763 100.269 622.180 180.963 91.019 612.736 166.000 95.266 600.347 135.999 123.429 546.853
201.230 119.784 622.010 188.606 101.493 618.151 181.500 91.852 608.541 166.375 95.680 596.059 136.806 123.051 542.844
201.249 118.614 626.324 188.593 101.071 622.166 181.788 91.862 612.554 167.045 95.550 600.462 137.063 123.061 546.882
201.649 118.140 624.540 190.183 100.282 620.287 182.712 91.401 610.425 167.937 94.837 598.378 137.977 122.177 544.708
200.354 120.025 627.041 189.618 101.294 623.143 182.583 91.632 613.501 168.550 95.113 600.854 138.995 121.504 547.951
199.412 120.704 627.119 188.804 101.740 623.101 182.511 91.837 613.585 168.555 95.319 600.812 138.805 121.423 547.913
199.802 123.763 631.818 188.853 101.693 625.083 182.552 91.721 615.489 168.555 94.919 603.192 139.188 120.330 549.943
192.070 124.236 626.671 188.077 101.741 618.374 180.664 91.630 608.199 168.374 94.988 596.461 138.777 121.016 542.802
192.692 124.664 623.804 187.674 101.685 615.034 181.331 91.960 605.160 168.703 94.905 593.672 139.403 119.845 539.877
192.012 124.498 625.870 187.953 101.715 617.045 181.555 91.832 607.173 169.238 94.881 595.640 139.962 119.510 541.893
195.105 124.553 653.788 187.563 105.317 628.478 181.009 92.482 613.936 168.018 93.655 596.601 142.139 118.405 542.400
194.656 124.001 642.278 187.102 105.836 623.831 181.133 92.710 605.598 169.036 91.572 555.434 142.793 118.439 524.717
194.173 124.803 655.037 187.638 106.486 629.493 182.088 92.718 614.888 170.268 93.339 597.487 145.013 116.797 543.534
193.334 124.681 650.110 187.625 106.003 624.433 182.043 92.265 609.871 170.172 92.721 592.623 145.813 116.027 538.566
193.365 125.308 651.470 187.595 106.624 625.562 182.873 92.269 610.861 170.717 92.739 593.642 146.328 115.368 539.487
193.418 125.925 650.848 187.604 106.866 624.634 182.873 92.243 609.881 171.628 92.706 592.637 147.060 114.956 538.432
192.518 124.970 649.675 186.809 106.509 623.522 183.797 92.146 608.936 172.665 92.380 591.674 149.250 114.429 537.439
189.984 126.825 618.866 188.536 104.704 627.318 184.493 95.795 621.010 174.390 95.310 588.658 151.498 115.384 535.192
192.001 124.215 622.316 188.233 104.271 627.983 185.014 95.364 620.332 175.399 93.776 572.692 152.073 114.924 530.387
192.766 125.992 658.051 188.829 107.433 631.643 186.120 93.652 616.865 175.162 93.081 599.634 152.819 113.112 545.316
191.844 125.946 656.289 188.862 107.088 629.563 186.213 93.436 614.756 176.046 92.081 597.708 154.579 111.969 543.370
190.874 126.024 659.218 187.921 107.216 632.562 186.182 93.684 617.772 176.059 92.151 600.735 154.843 111.508 546.420
189.991 127.800 656.302 187.077 107.117 629.546 185.293 93.579 614.786 175.173 91.711 597.622 154.680 110.789 543.464
189.068 127.790 656.318 186.170 107.104 629.541 184.397 93.534 614.770 175.114 91.252 597.713 154.761 110.197 543.504
187.895 127.786 658.139 185.815 107.162 631.569 184.031 93.612 616.954 174.690 90.989 599.853 155.320 110.065 545.470
182.636 118.287 641.118 185.646 105.283 639.895 183.230 98.485 647.869 174.614 100.899 617.509 159.797 112.023 548.181
183.815 117.319 632.790 186.256 105.004 631.818 184.479 98.312 639.874 177.144 99.378 609.611 162.864 111.723 540.189
184.636 116.310 626.808 187.235 104.192 625.738 185.961 97.411 634.013 178.808 98.530 603.710 164.539 111.295 534.160
188.333 115.797 619.483 187.247 104.196 623.893 186.005 97.243 626.059 179.610 97.671 586.940 166.814 110.354 519.927
185.897 116.055 623.896 186.639 104.647 623.584 185.445 97.551 632.062 179.955 97.901 601.929 167.625 111.535 532.166
186.830 116.357 615.168 185.831 104.372 615.494 184.497 97.287 623.986 179.826 97.575 593.673 170.052 111.091 524.071
187.480 116.631 613.744 186.517 104.394 613.799 185.167 96.877 622.194 181.450 97.280 591.837 172.104 110.892 522.231
171.038 128.953 688.550 170.622 118.173 671.743 178.187 106.209 653.784 181.609 100.374 619.168 177.663 108.186 544.270
171.036 130.383 690.044 171.302 119.167 672.181 178.622 106.472 653.185 181.718 100.480 619.073 178.989 109.304 544.410
172.902 129.928 691.991 172.944 118.512 675.366 180.425 105.681 656.154 182.604 99.891 622.021 180.272 108.909 547.613
172.951 130.402 685.828 173.068 119.074 668.205 180.543 106.284 649.155 182.723 100.060 615.156 180.632 109.066 540.458
172.875 130.392 684.910 173.961 118.692 668.215 179.714 103.190 646.619 181.960 99.601 615.493 182.087 108.982 540.428
172.945 131.218 682.082 177.179 113.817 669.604 180.503 103.825 644.833 184.405 100.673 612.814 185.206 109.746 537.786
172.728 132.362 674.384 175.437 115.737 671.824 179.681 103.746 643.126 184.600 99.061 586.418 185.623 108.409 524.585
174.597 134.581 682.673 176.284 115.081 668.169 180.737 104.391 642.473 185.478 101.429 610.534 186.408 111.096 535.788
175.409 136.184 683.353 178.320 115.449 669.766 182.409 104.539 644.430 186.016 102.416 612.630 187.999 112.652 538.064
166.664 133.985 659.072 172.883 116.826 665.176 177.544 104.114 649.142 183.909 103.279 613.000 189.803 111.802 532.555
164.586 133.297 664.462 171.490 116.918 669.081 177.554 105.050 655.033 184.350 101.604 609.355 192.214 110.178 535.253
161.469 131.802 671.000 171.153 114.351 666.981 175.083 103.685 649.000 184.439 95.529 622.079 195.754 106.372 534.391
160.783 130.972 671.000 171.095 113.757 669.981 175.949 104.129 657.955 185.279 94.594 613.000 198.173 106.801 531.095
160.548 130.141 662.999 168.776 112.967 666.066 177.142 105.599 663.000 186.040 95.855 613.005 200.884 106.143 536.000
159.972 130.139 666.500 168.606 111.513 675.762 177.350 101.694 668.999 187.006 98.080 621.999 203.552 107.010 534.627
157.810 128.811 707.197 167.880 112.424 641.884 177.368 102.098 636.370 187.332 98.199 618.882 204.420 107.139 535.289
158.726 129.583 728.369 167.999 112.931 682.251 178.114 101.382 669.663 188.620 99.227 635.676 204.582 108.782 556.365
158.679 128.885 722.240 167.909 112.746 677.314 178.095 102.544 664.700 188.661 99.640 630.733 205.672 108.709 551.426
157.999 127.621 664.953 167.325 110.627 664.400 177.439 101.897 662.840 189.334 98.423 624.243 206.978 109.245 536.413
156.550 126.945 658.908 167.037 109.766 656.122 177.948 101.901 643.947 190.789 99.423 618.389 209.115 109.306 538.039
155.849 126.715 622.538 166.173 108.884 650.016 177.888 99.176 632.112 191.552 94.656 600.650 215.605 107.186 522.623
153.205 126.019 633.284 165.829 107.572 661.215 176.799 97.343 646.384 192.160 94.940 613.779 218.548 107.359 536.017
152.735 125.057 625.258 165.799 105.595 650.017 176.957 96.505 638.925 193.240 95.091 605.644 219.946 107.964 528.175
152.863 124.995 628.566 165.791 103.790 650.489 175.876 95.517 642.280 193.179 94.714 608.832 220.652 108.379 531.357
152.079 124.092 630.622 164.815 102.377 651.612 176.028 93.669 644.966 192.757 93.629 611.380 221.570 107.589 534.032
150.226 116.955 622.790 163.388 100.742 644.054 175.737 92.980 645.209 192.364 91.842 587.070 221.085 107.590 531.078
150.751 116.584 622.453 163.026 99.901 644.741 174.640 91.587 639.060 192.323 92.906 605.461 221.106 107.517 529.077
149.697 114.891 617.624 162.367 99.140 641.573 174.577 91.261 636.068 192.480 92.562 602.454 221.722 106.962 525.767
150.943 117.914 626.356 161.450 98.336 647.512 173.229 89.864 641.989 191.422 90.585 608.286 221.811 105.924 531.378
149.296 116.869 616.275 160.360 97.819 637.018 172.254 89.653 631.898 189.947 90.075 598.221 221.513 105.658 521.540
148.597 116.954 611.972 158.594 97.207 632.603 170.946 88.160 627.564 189.191 89.391 594.274 221.830 104.657 517.362
145.227 113.643 588.704 155.062 94.812 591.070 166.376 84.765 589.886 186.225 83.312 566.015 218.876 105.997 504.273
143.630 112.488 579.483 153.768 94.510 581.604 165.170 84.259 580.799 185.603 82.168 556.504 219.625 104.704 495.030
141.163 111.893 585.316 150.690 92.268 587.452 161.870 81.855 587.051 182.841 80.183 562.719 218.964 102.863 499.856
140.772 110.948 581.289 150.251 91.725 583.569 161.043 81.043 583.665 182.243 79.104 558.661 218.299 100.006 495.913
138.317 110.151 580.054 148.576 90.062 582.807 160.128 78.525 582.028 180.388 76.668 557.690 217.223 98.207 494.449
137.774 109.721 580.977 147.754 89.356 583.821 159.305 77.896 583.088 179.610 75.192 558.955 215.888 96.149 495.656
138.404 109.607 579.451 148.525 90.516 579.074 160.139 78.600 598.121 179.650 73.781 544.534 215.900 93.733 489.173
137.668 109.792 579.985 147.313 89.676 583.337 158.407 77.180 582.259 178.751 73.973 557.905 213.437 91.815 494.325
139.183 111.406 578.785 147.866 90.286 580.450 158.219 77.276 580.139 176.854 72.873 555.345 211.312 89.811 492.487
139.345 111.699 575.294 148.056 91.290 576.987 156.950 77.605 576.031 175.096 72.131 551.043 209.329 88.673 487.950
139.916 112.774 596.579 148.213 90.133 586.648 157.796 79.842 577.755 173.216 73.249 550.103 208.325 88.271 480.295
141.588 113.585 594.966 149.084 90.872 594.701 157.668 79.692 586.160 172.094 72.386 559.426 206.165 88.094 493.711
142.425 114.503 592.951 149.811 91.625 592.688 157.445 80.588 584.347 171.425 72.343 557.104 204.968 87.001 491.557
142.852 115.750 596.125 151.005 92.816 595.698 156.666 80.721 587.160 170.870 73.170 560.334 203.689 88.587 494.760
145.759 115.480 609.064 152.947 93.379 604.009 157.629 79.774 580.089 170.063 72.630 555.162 201.726 87.683 479.066
146.752 116.775 608.000 153.400 94.441 605.392 157.579 82.558 585.800 169.524 72.690 561.001 199.674 88.353 484.058
148.104 118.751 620.990 153.010 100.449 610.989 158.354 84.528 591.948 169.101 74.028 559.002 198.262 89.255 478.135
149.260 118.768 608.016 153.952 101.893 619.929 157.968 85.237 586.033 168.744 75.026 557.719 196.090 90.280 474.749
150.959 121.207 622.058 154.743 100.603 615.958 157.363 85.792 603.998 168.119 75.745 562.131 191.490 91.347 482.546
153.594 121.046 628.328 156.185 98.875 601.000 157.445 86.254 588.536 165.623 76.387 561.003 187.063 91.024 482.146
154.583 119.723 628.877 157.135 100.188 616.476 158.034 85.922 598.000 165.821 77.226 558.808 185.214 91.668 483.039
158.569 123.681 643.237 162.795 110.071 648.920 162.564 95.457 621.503 167.579 90.132 571.749 179.994 96.071 486.873
160.497 123.405 644.032 163.813 110.092 649.190 163.401 95.186 622.104 166.620 90.184 571.814 177.016 96.228 487.037
161.614 123.256 640.985 162.279 110.218 648.555 162.591 94.167 610.760 166.629 88.620 546.451 175.266 95.930 483.430
165.109 135.995 644.472 164.828 110.560 646.782 164.600 95.948 622.412 166.828 90.955 576.276 173.968 97.311 487.045
166.846 135.817 644.264 166.056 110.942 648.005 164.478 96.195 622.121 165.846 91.400 575.744 172.023 98.326 487.047
163.598 136.165 644.661 162.088 112.461 648.115 162.322 97.208 622.546 162.832 91.587 575.159 170.021 99.084 486.832
162.354 136.204 644.762 160.088 112.105 648.800 160.727 97.182 622.478 160.836 91.458 575.157 168.446 99.198 486.835
166.246 112.032 540.910 170.477 107.011 574.085 166.215 90.654 565.109 161.372 86.548 555.000 162.501 99.959 483.595
165.858 110.843 514.907 171.467 98.736 602.549 166.645 85.071 579.002 159.687 85.933 548.388 157.072 98.280 471.088
166.339 111.293 538.932 172.131 97.125 608.989 166.706 84.502 579.001 160.603 86.768 550.040 156.151 100.215 480.940
168.623 117.271 565.549 173.541 97.851 608.000 166.286 87.320 585.014 159.515 86.872 551.071 154.953 102.740 479.992
168.378 109.562 550.354 172.781 96.111 602.188 166.104 87.340 582.002 157.304 85.149 550.000 150.415 101.990 482.365
178.005 117.587 610.505 175.724 95.883 595.566 166.006 82.376 567.717 155.540 80.281 537.676 146.168 103.284 481.779
179.954 117.741 618.144 176.637 96.487 602.804 166.694 82.852 574.220 155.380 83.255 545.747 142.738 105.601 489.613
183.744 113.645 609.000 176.625 93.866 607.000 167.701 83.019 580.031 154.763 84.659 550.000 140.620 106.444 476.011
185.794 115.231 629.006 178.257 93.574 602.005 168.522 82.868 576.029 154.543 85.723 551.000 137.838 109.339 482.359
188.953 113.318 618.324 179.008 93.459 605.337 167.415 84.161 583.849 153.462 87.974 555.940 134.490 113.984 499.566
187.772 112.711 605.273 177.824 92.236 583.518 165.495 83.752 570.911 151.109 86.379 526.675 130.959 117.858 479.778
188.326 113.218 610.995 177.509 93.493 598.779 165.636 84.109 576.839 150.714 88.701 548.888 130.524 117.413 492.633
190.589 112.717 615.828 178.563 92.684 603.321 165.845 83.926 581.958 150.521 89.290 554.093 130.544 119.504 497.641
190.548 111.378 613.710 177.969 92.121 600.578 165.340 84.530 579.771 149.453 91.474 551.933 128.765 122.419 495.755
192.036 108.778 595.063 176.893 91.273 576.187 163.191 85.047 565.050 147.134 87.862 519.323 126.282 127.482 482.545
192.532 113.051 603.802 176.964 92.681 588.099 163.986 85.698 579.615 147.903 91.353 554.046 124.924 127.083 505.317
193.062 110.872 601.731 177.220 92.102 586.024 163.781 85.512 577.714 147.191 90.874 552.101 123.639 128.145 503.495
194.055 110.591 600.838 177.433 92.091 585.072 163.515 86.235 576.650 146.860 91.847 551.078 123.155 129.760 502.393
195.299 112.255 601.692 178.453 91.956 586.091 163.929 85.957 577.678 147.366 91.789 552.060 123.352 130.174 503.068
196.644 111.864 598.662 180.072 91.591 582.997 166.226 85.209 574.637 149.462 90.943 549.091 123.925 130.005 500.194
199.109 111.853 604.636 180.905 91.440 588.971 167.307 84.785 580.697 150.006 90.651 554.984 124.734 129.512 506.288
200.210 111.937 599.712 183.211 90.813 584.120 167.781 83.862 575.715 151.179 89.241 550.032 125.137 128.728 501.040
199.784 111.700 599.506 182.952 90.749 583.865 168.397 84.158 575.769 151.738 89.703 549.930 125.252 128.877 501.176
200.130 111.187 595.498 183.129 90.883 579.847 168.553 84.295 571.842 151.121 90.183 545.868 124.470 128.793 497.039
202.307 111.211 595.272 185.461 89.206 579.770 170.461 81.807 571.197 152.720 86.694 545.541 125.455 126.371 497.250
209.331 96.536 547.913 187.484 77.596 548.439 170.083 69.553 537.374 152.820 84.065 558.675 125.416 125.261 520.082
210.159 95.596 548.653 188.362 76.134 549.323 170.964 67.493 538.060 153.560 81.984 559.824 125.446 123.227 521.210
211.570 93.663 545.591 189.659 73.220 546.287 172.005 63.358 534.146 153.999 77.360 556.448 125.299 121.387 518.223
212.128 92.056 544.617 190.044 72.712 545.346 171.227 65.275 535.361 154.957 79.428 554.548 126.128 120.695 517.126
212.164 92.234 545.599 190.260 72.567 546.255 172.046 64.304 535.637 155.006 79.008 555.837 126.251 119.862 518.146
213.506 93.097 541.637 191.399 72.840 542.333 173.842 63.539 530.989 155.283 77.795 552.139 127.011 120.249 514.146
212.433 92.013 543.653 190.600 71.937 544.314 172.962 62.298 532.989 154.981 76.913 554.091 126.792 119.953 516.099
213.204 92.494 543.715 191.499 72.057 544.316 173.895 62.320 532.921 155.599 76.556 554.439 127.353 119.947 516.125
212.617 92.166 544.689 191.287 72.235 545.307 174.225 63.094 534.054 154.532 77.589 557.257 126.915 119.165 517.440
212.471 92.741 544.633 192.000 72.409 545.327 174.934 62.994 534.199 153.860 78.214 558.115 126.626 118.833 517.426
213.354 93.258 548.625 192.065 73.344 549.290 176.057 64.566 537.994 153.843 80.616 562.793 128.772 119.820 521.218
213.424 92.660 547.702 192.026 73.871 544.782 176.415 67.229 537.233 153.135 83.387 554.120 128.171 119.388 503.528
212.945 93.754 541.730 191.562 73.991 542.303 174.568 65.967 531.863 152.351 88.878 568.717 128.439 120.267 514.410
212.305 92.463 544.875 190.306 73.437 545.349 173.424 65.642 535.064 151.600 91.596 574.823 128.127 119.814 517.219
210.808 92.653 544.900 189.000 73.567 545.282 171.949 65.919 535.456 153.129 95.294 579.502 127.003 119.877 517.317
211.404 91.782 550.819 189.493 75.737 551.357 171.928 69.100 547.658 152.295 98.571 601.699 127.554 118.794 506.832
209.697 93.473 559.469 189.046 75.307 553.935 171.113 72.138 566.833 158.215 119.753 586.503 128.460 120.710 519.474
209.155 92.570 554.974 187.001 76.001 545.487 168.569 70.157 547.827 150.005 101.827 608.284 126.098 119.360 518.960
209.489 92.608 554.121 187.428 76.203 544.685 168.543 70.190 546.959 150.436 104.580 608.266 126.294 119.462 517.724
209.337 92.887 555.721 187.869 75.446 549.703 168.880 73.510 562.920 156.999 120.014 582.211 127.834 120.393 515.413
208.900 94.086 558.737 186.858 77.056 552.614 167.532 75.624 566.007 154.704 121.250 584.552 128.197 121.460 518.312
207.805 93.235 546.665 185.063 76.738 546.416 166.337 75.790 564.414 154.439 121.404 573.789 126.881 120.765 496.563
208.798 92.972 555.471 185.002 75.994 549.592 166.026 76.361 562.989 155.000 121.304 581.634 128.049 121.204 515.341
207.966 93.772 556.547 185.000 76.850 550.503 165.061 77.014 563.980 155.000 122.047 582.695 127.119 119.672 516.534
207.534 95.735 562.834 184.738 78.845 556.724 164.967 78.120 570.045 155.492 122.855 588.628 127.582 120.416 522.429
208.393 95.229 557.608 184.461 78.888 551.461 163.916 78.638 564.865 155.687 123.342 583.686 127.757 120.990 517.523
208.330 96.330 555.066 183.592 80.750 550.668 162.113 81.536 563.814 155.679 123.831 581.846 127.358 120.303 515.697
208.033 95.944 557.946 182.798 81.654 553.571 161.240 82.842 566.318 155.687 124.022 584.852 127.793 120.145 518.660
207.654 96.809 556.000 179.899 82.571 568.000 160.406 82.348 563.191 155.633 124.174 572.650 128.621 122.016 524.000
207.162 96.187 554.762 180.536 81.625 550.928 159.838 83.325 563.279 154.689 123.972 581.860 127.200 120.937 515.539
207.954 96.211 556.283 182.241 81.940 551.841 161.114 83.383 564.381 155.203 124.581 582.752 127.898 120.711 516.591
208.365 97.735 547.695 181.926 82.707 543.847 159.900 85.454 556.136 155.601 124.336 574.876 128.389 121.989 508.411
209.429 95.706 548.676 182.575 81.396 545.059 159.644 89.443 558.591 156.091 124.431 575.907 129.055 121.262 509.570
208.095 93.839 551.330 179.460 80.539 566.260 160.144 94.581 611.435 152.487 125.339 581.905 127.787 122.188 501.513
207.646 93.615 562.144 178.997 80.172 572.106 159.004 96.000 619.415 152.000 124.787 589.777 128.365 122.012 523.860
207.656 94.310 558.083 178.780 81.232 568.130 158.385 98.335 615.717 152.273 125.379 585.824 128.084 122.652 520.126
208.151 94.381 557.154 179.029 81.482 567.301 160.091 99.392 615.476 152.258 124.991 584.816 128.932 122.584 518.740
207.300 94.393 556.104 176.934 83.219 569.054 159.609 100.365 615.214 152.203 124.726 583.919 128.719 122.296 518.024
208.060 95.143 560.244 176.703 87.000 575.667 161.752 103.993 620.755 152.795 124.972 587.818 129.073 122.994 521.720
208.903 96.164 557.316 178.426 89.213 579.595 162.269 104.172 617.676 153.258 125.314 584.799 129.284 123.528 518.640
208.202 95.589 564.619 176.438 116.064 594.417 162.325 120.725 602.790 154.266 129.313 580.600 129.101 123.143 516.948
207.994 96.287 565.569 176.262 116.387 595.873 162.328 120.551 603.647 154.388 129.491 581.565 129.369 123.140 517.988
207.851 96.298 567.038 176.802 115.846 596.638 162.328 121.211 604.887 153.440 129.190 582.402 129.905 123.442 519.133
206.680 96.459 567.599 175.885 115.977 598.148 162.000 119.829 605.673 153.902 128.920 583.528 128.918 122.000 519.923
207.000 96.398 568.069 176.390 116.400 598.630 162.000 120.368 605.899 153.089 128.650 583.360 128.865 122.777 520.057
207.456 97.307 566.601 176.268 117.136 598.262 162.344 120.523 604.688 154.164 129.399 582.443 129.097 122.607 518.797
207.133 97.245 567.064 176.360 117.542 597.776 162.344 121.521 604.914 153.202 129.789 582.353 128.644 123.347 519.002
207.004 97.044 560.019 176.871 118.238 595.238 161.979 122.051 602.888 153.811 129.517 579.967 128.408 122.868 497.572
206.313 99.120 563.708 176.890 119.938 596.016 162.654 122.352 601.680 154.531 130.127 579.489 129.136 123.663 515.893
206.873 99.414 563.872 177.183 120.025 596.529 162.654 122.375 601.727 154.531 129.783 579.481 129.083 123.574 515.821
206.328 100.055 562.769 176.862 121.116 595.235 162.654 122.570 600.737 153.689 130.082 578.407 129.095 123.572 514.942
207.223 100.584 567.788 177.437 119.715 603.688 162.318 121.522 605.641 154.258 129.575 583.477 129.263 123.492 519.735
206.628 101.198 560.756 176.898 120.889 594.090 162.654 122.638 598.651 154.681 129.095 576.364 129.144 122.381 513.035
206.633 101.161 563.720 176.983 120.699 597.398 162.654 122.440 601.680 154.913 128.746 579.407 129.232 121.490 515.896
206.999 101.790 564.965 177.625 121.032 598.648 162.656 122.241 602.675 154.531 128.514 580.085 129.178 121.216 516.596
201.298 107.775 560.125 176.916 121.863 596.113 162.654 122.968 599.549 154.531 128.793 577.404 129.141 121.146 513.841
202.720 114.121 563.014 176.934 121.809 596.912 162.657 123.239 600.604 154.531 128.868 578.642 129.458 120.890 514.923
192.052 121.160 575.755 180.292 124.875 604.041 168.200 123.243 610.361 154.879 128.316 582.961 128.098 118.295 505.471
193.197 123.250 587.917 180.512 124.046 610.252 167.363 122.668 613.591 154.271 128.554 587.018 128.487 118.922 524.814
193.734 124.124 581.071 180.546 124.464 602.035 168.342 122.826 605.542 154.844 128.352 578.770 129.257 118.954 517.518
193.734 123.932 582.060 180.499 123.736 603.190 168.590 121.944 606.521 155.867 127.781 579.782 129.258 118.239 518.749
194.516 124.486 580.895 180.883 124.012 601.948 168.647 122.349 605.512 156.625 128.314 578.859 129.358 118.106 517.750
194.191 124.197 585.739 181.270 123.332 608.240 168.797 122.293 611.513 156.610 128.009 585.049 129.277 117.846 522.850
194.187 125.062 582.744 181.185 124.324 605.439 168.797 123.352 608.407 156.607 128.138 582.003 129.273 117.888 519.872
193.172 125.044 583.097 180.982 124.414 605.514 167.786 124.017 608.369 156.569 128.016 582.065 129.352 118.269 519.770
191.141 126.953 585.361 178.953 125.992 607.798 166.766 125.206 610.006 156.609 127.304 584.065 130.039 116.937 521.719
192.344 133.278 580.178 175.518 128.309 600.718 166.637 125.712 603.400 156.207 125.677 576.846 130.683 115.278 514.685
191.638 134.331 582.054 176.088 129.380 602.923 166.451 125.993 605.069 156.554 125.711 578.402 131.593 114.725 516.596
192.312 136.406 582.539 176.035 129.119 602.925 167.181 126.283 605.269 157.250 124.896 578.391 131.578 113.663 516.339
191.273 137.437 581.834 175.967 129.435 601.961 167.181 126.330 604.526 157.252 125.063 577.371 132.052 112.682 515.282
190.206 137.428 583.060 176.011 129.238 602.938 168.580 126.001 605.688 159.312 123.970 578.443 133.570 110.395 516.424
189.689 137.778 583.868 177.331 128.313 603.477 170.090 125.545 606.458 164.100 121.498 578.268 138.297 105.864 517.537
190.766 147.379 567.640 184.181 146.362 563.507 178.504 141.089 567.515 164.084 136.463 553.441 145.407 101.705 508.184
191.769 146.463 568.584 186.055 145.672 564.665 180.356 140.412 568.629 166.079 135.776 554.405 149.766 100.216 509.310
164.598 161.159 591.015 155.451 152.382 603.347 156.472 140.408 600.927 155.453 128.362 578.536 155.375 91.712 536.014
165.194 161.547 595.052 156.443 152.376 607.589 157.469 140.436 605.171 156.495 128.280 582.692 157.714 90.011 536.669
164.938 159.389 591.818 156.789 150.321 604.828 158.764 139.147 601.994 159.257 126.764 579.404 162.434 88.314 533.592
164.219 158.749 587.757 157.000 149.520 601.040 158.996 138.281 597.778 160.093 126.110 575.474 163.703 87.245 529.608
164.625 158.037 589.989 157.515 149.040 603.091 158.530 137.480 599.240 160.561 125.474 577.663 165.598 86.683 531.330
164.609 157.397 594.158 157.500 148.513 606.970 158.516 137.037 603.147 160.535 125.454 581.695 167.656 86.720 535.334
164.306 156.719 596.317 158.258 148.400 608.280 159.264 137.217 604.509 161.228 125.396 583.730 170.352 85.479 535.135
165.241 156.947 597.356 159.176 148.322 609.098 160.284 137.236 605.293 162.285 126.033 586.007 173.290 85.716 536.046
166.328 156.919 595.472 160.281 147.210 606.875 162.295 137.236 603.198 164.308 126.011 584.025 176.406 85.547 534.118
167.334 155.924 595.465 162.299 147.294 606.611 164.314 137.168 602.963 166.328 125.668 584.303 179.429 85.673 534.082
168.334 154.191 590.667 164.640 146.677 601.589 166.695 136.887 598.315 167.580 126.922 578.815 181.721 86.011 528.934
168.590 153.538 595.451 165.405 145.902 606.243 168.088 136.093 603.240 168.654 125.996 582.524 185.930 86.208 533.992
168.672 153.730 595.257 165.625 145.874 606.056 168.663 136.051 602.734 169.687 126.111 582.318 188.578 86.366 533.966
168.062 153.871 595.818 165.006 145.341 605.964 168.361 135.469 602.555 169.357 125.649 582.551 187.925 85.195 533.866
168.178 153.934 599.413 165.122 145.342 606.100 168.304 135.769 590.054 169.220 125.154 577.278 186.492 83.007 521.952
169.280 152.913 595.882 166.146 144.390 605.986 169.059 134.532 602.208 169.847 124.275 582.349 185.368 82.574 533.519
170.537 152.706 595.829 167.344 144.318 606.079 170.367 134.353 602.624 170.367 124.408 582.015 185.484 81.951 533.335
170.750 151.326 595.820 168.332 144.022 606.326 170.719 134.083 602.591 170.700 124.042 581.780 184.817 82.510 533.275
171.717 151.486 595.907 168.345 143.954 606.118 170.946 133.928 602.725 170.720 124.295 582.157 182.914 82.072 533.317
174.154 147.640 599.355 171.673 137.855 591.755 172.616 132.243 599.194 171.027 125.990 589.799 175.917 82.771 519.210
174.631 147.520 594.766 171.824 138.819 596.175 172.788 133.069 609.317 170.703 126.678 589.006 173.398 83.871 530.770
175.226 149.672 594.806 171.343 140.497 595.995 171.344 133.738 608.661 169.671 127.570 588.973 171.902 84.465 530.815
175.149 150.812 595.263 170.336 141.509 596.007 170.340 134.628 608.713 168.319 128.516 588.721 168.880 85.272 530.704
186.013 146.108 617.016 182.092 145.374 578.201 179.119 139.169 591.006 173.152 138.897 567.018 161.467 92.704 515.645
185.513 146.566 622.195 181.524 145.874 583.066 178.574 139.708 595.891 170.689 139.348 572.867 158.027 94.106 520.665
184.600 147.240 612.158 180.627 145.697 573.165 177.604 139.370 585.937 170.228 139.561 561.835 155.445 94.539 510.526
182.752 147.599 619.580 178.636 145.832 581.051 175.705 138.738 592.950 167.233 137.784 570.893 151.991 93.787 517.616
184.992 147.259 618.497 177.972 145.870 567.717 175.082 138.851 581.819 166.481 137.906 567.922 149.379 93.176 497.745
182.596 147.847 617.708 177.289 145.949 579.234 174.390 138.898 590.932 165.890 137.976 568.711 147.148 94.587 515.312
181.254 147.427 619.671 175.726 145.560 581.209 172.868 138.541 592.800 164.931 137.922 569.623 143.640 96.228 517.338
193.190 143.000 578.854 186.563 141.990 575.177 179.058 136.832 578.674 164.997 132.226 564.777 140.784 100.471 518.956
192.293 143.336 578.770 185.082 142.300 575.685 176.791 137.139 578.535 162.701 132.567 564.639 137.891 102.218 518.861
191.874 142.352 579.048 184.743 142.300 575.695 176.436 137.139 578.560 162.135 133.551 565.261 135.947 104.643 518.661
190.433 142.610 577.923 183.179 142.704 574.525 174.869 137.533 577.460 160.417 132.952 564.322 133.660 105.797 517.959
190.407 143.230 579.035 183.175 143.321 575.527 174.888 138.157 578.405 159.423 133.625 565.378 132.607 107.349 518.994
191.366 143.558 583.967 183.259 144.397 562.661 176.497 138.289 567.961 159.564 134.801 557.675 132.015 109.683 498.235
189.738 143.555 600.324 183.393 137.853 615.928 173.532 139.442 618.880 156.291 110.257 603.256 129.166 110.302 526.176
189.407 142.760 601.417 183.069 137.031 617.219 173.247 138.629 620.214 156.386 109.725 599.518 128.930 111.999 527.349
189.011 142.790 603.089 182.573 136.981 619.248 172.765 138.567 622.248 153.966 101.967 595.450 129.021 112.992 529.363
189.489 143.954 597.859 182.676 137.778 614.686 172.217 139.691 617.037 156.528 95.918 586.572 129.140 114.316 524.428
189.522 144.036 595.819 182.674 137.819 612.661 171.749 139.423 615.612 157.013 88.234 577.620 129.019 114.922 522.385
188.827 141.837 594.482 180.482 135.469 602.397 170.862 137.278 609.310 155.744 82.151 551.971 126.072 113.006 496.055
186.647 142.516 601.811 179.968 136.537 618.613 169.101 138.118 621.643 156.502 83.705 582.023 125.792 114.576 528.245
186.486 141.919 597.144 179.671 136.651 614.463 168.723 138.232 617.381 155.598 83.157 577.557 124.862 115.990 524.320
186.208 141.834 568.613 179.471 137.008 582.188 168.452 137.209 567.729 151.313 77.891 557.246 124.100 118.978 532.519
185.067 139.295 564.362 178.404 134.462 577.753 167.247 135.657 563.144 151.707 76.613 552.873 122.140 117.099 527.597
186.002 140.253 564.442 179.310 135.423 577.709 168.116 136.614 563.398 150.625 77.122 552.889 122.773 117.983 527.336
185.791 141.396 561.402 178.053 136.519 574.770 166.695 137.697 560.662 150.448 77.108 550.550 123.309 118.607 526.624
184.407 140.247 564.462 176.813 135.467 577.415 165.568 136.634 563.178 150.601 77.291 553.579 122.243 117.819 530.436
186.149 140.271 574.449 178.624 135.608 587.661 167.619 136.714 573.239 150.394 78.146 563.393 123.691 119.063 538.847
187.184 140.708 571.426 179.563 135.972 584.687 168.543 137.119 570.287 150.399 78.475 560.406 123.747 119.875 535.695
187.525 140.728 570.448 179.893 136.003 583.639 168.889 137.161 569.237 149.475 78.973 559.277 124.098 120.504 534.732
185.668 140.499 555.225 178.004 135.381 572.053 166.900 136.943 577.164 148.510 78.106 530.284 122.129 119.067 514.467
186.583 141.356 569.499 178.995 136.620 582.618 167.925 137.818 568.269 147.340 79.715 558.143 123.148 120.638 533.514
184.679 139.000 587.426 172.574 131.733 578.189 159.798 95.423 609.561 145.404 86.158 553.156 123.625 120.915 531.000
183.563 135.677 513.329 172.317 131.323 582.756 163.938 88.046 587.005 144.292 86.435 566.038 122.805 121.347 529.006
184.465 138.099 558.663 172.341 130.929 595.423 164.179 86.042 598.662 144.797 86.415 567.632 123.208 121.439 534.001
186.091 138.553 563.594 173.971 132.729 588.456 166.133 80.017 584.983 145.090 84.518 534.022 122.090 120.954 502.496
186.617 137.375 560.906 174.538 131.661 584.687 166.462 78.304 580.149 145.971 86.317 568.972 123.090 120.665 522.500
185.796 137.321 562.053 173.684 132.466 585.973 166.138 77.465 581.560 144.621 86.024 568.830 122.049 120.475 522.647
182.355 137.958 568.624 170.186 133.261 592.611 165.081 76.982 578.310 143.552 83.043 537.399 120.082 119.478 511.133
182.247 136.976 568.654 170.155 132.764 588.245 164.930 76.671 578.157 144.358 85.338 564.177 120.933 119.940 529.178
182.245 136.957 568.688 170.155 132.771 588.231 164.913 76.614 578.128 144.350 85.243 564.293 121.194 120.196 529.102
182.208 136.635 569.993 170.156 132.703 589.280 163.880 76.922 579.234 144.389 85.733 565.568 121.288 120.366 529.905
181.646 136.262 567.608 169.578 132.552 586.717 162.954 76.716 576.075 143.578 85.677 562.594 120.219 120.253 526.994
180.974 136.343 568.862 168.870 130.896 588.038 161.265 76.911 576.702 142.839 85.898 563.818 119.473 120.476 527.504
182.290 136.297 556.522 170.233 130.280 580.212 159.289 75.792 575.240 140.280 86.412 564.632 118.396 121.678 517.729
181.236 136.501 558.590 169.396 129.884 581.911 158.458 75.473 577.255 139.293 86.268 567.148 117.627 121.755 519.839
182.043 136.629 554.508 170.166 130.101 577.826 159.017 75.043 573.241 139.710 86.155 563.092 117.734 121.739 515.596
181.852 136.147 556.485 170.115 128.911 578.904 158.044 73.964 574.177 139.891 84.940 564.453 117.422 121.485 516.664
181.476 135.477 558.423 169.881 128.583 580.751 158.113 73.700 576.104 140.920 85.937 568.550 117.542 121.754 518.674
181.518 135.471 556.520 169.858 128.461 578.803 158.027 73.259 574.128 140.854 85.764 566.632 117.357 121.613 516.736
181.564 135.481 554.616 169.905 128.599 576.699 158.047 72.348 571.997 140.808 85.447 564.873 117.269 121.408 514.799
177.662 132.836 558.838 167.422 78.086 567.473 157.049 70.843 549.080 140.199 84.738 550.585 117.357 120.184 515.441
178.071 132.087 570.519 168.813 77.728 584.433 156.474 71.118 567.173 140.062 85.795 574.860 117.967 121.799 527.078
177.951 131.815 574.719 168.843 77.507 587.651 155.484 72.043 570.679 138.316 86.860 578.078 117.633 122.876 530.795
176.959 131.191 576.721 168.312 77.021 589.727 154.207 72.289 572.807 137.320 87.327 580.105 116.383 122.653 532.724
175.707 131.756 586.583 166.404 78.935 600.222 151.488 74.478 582.804 136.577 88.175 590.584 115.093 122.544 542.431
175.738 131.645 585.436 166.172 78.162 598.529 150.353 73.657 581.530 136.519 88.098 589.226 115.111 122.861 541.667
174.814 131.566 585.521 164.708 79.313 600.079 149.212 75.106 581.992 136.266 88.981 589.405 112.801 122.661 541.713
174.810 130.835 585.306 164.078 77.819 599.068 148.627 74.117 581.832 135.389 88.132 589.286 112.805 122.626 541.579
174.739 130.506 587.534 164.072 77.913 601.240 148.406 73.692 583.611 135.500 87.257 591.233 113.067 121.766 543.652
175.042 129.794 588.566 164.009 77.319 602.468 149.107 73.340 584.184 136.265 86.808 591.696 112.641 120.877 544.713
175.353 128.345 588.631 165.069 76.676 603.141 149.966 71.890 584.707 137.071 86.252 592.373 113.712 120.334 544.666
178.549 129.025 555.054 167.524 123.651 575.953 149.730 68.825 572.414 135.072 83.178 564.900 113.540 119.573 514.827
180.727 95.738 571.691 166.627 75.926 561.000 149.068 70.535 555.131 135.464 85.352 559.038 115.575 119.470 522.001
185.151 91.163 572.808 166.619 75.176 563.841 147.462 70.580 557.029 135.082 85.473 565.901 114.310 119.225 524.774
186.029 91.196 569.363 166.892 75.882 561.843 147.691 71.041 555.133 134.811 85.829 563.785 114.419 120.394 522.507
186.543 88.267 557.821 166.793 74.619 549.397 147.739 70.456 548.241 134.438 84.823 546.622 112.518 118.089 499.526
188.852 86.267 541.516 167.348 72.264 545.209 148.490 72.490 543.642 132.796 83.515 543.986 113.092 119.966 512.721
190.299 85.762 541.514 166.881 71.483 545.193 148.952 71.585 543.589 133.085 83.158 543.598 111.958 119.979 512.969
191.248 85.884 537.628 166.843 71.995 541.236 148.780 71.710 539.455 132.091 83.307 539.977 110.433 121.620 509.016
191.071 86.132 539.572 166.767 72.009 543.085 148.688 72.522 541.180 132.138 83.348 541.885 108.809 123.970 510.837
192.434 87.576 535.098 166.919 72.332 541.406 149.149 69.928 536.980 133.563 81.385 543.476 105.512 123.910 508.458
193.457 86.195 541.313 167.781 69.851 547.331 149.015 67.960 543.518 133.483 80.190 549.415 104.118 124.754 514.483
194.652 86.921 538.282 169.906 69.584 544.354 149.850 64.320 539.975 134.394 78.342 546.140 104.799 123.781 511.472
195.379 86.571 541.265 170.844 68.531 547.059 151.385 64.650 543.622 134.379 77.755 548.994 105.211 124.086 514.422
199.397 80.961 526.862 171.123 62.978 518.819 150.632 58.349 517.188 134.745 73.884 512.295 106.420 123.036 486.215
196.637 83.723 540.187 171.514 67.054 544.300 151.622 63.671 542.263 135.010 77.947 543.013 108.029 123.901 510.758
197.500 83.904 531.388 171.328 67.236 536.775 152.212 62.965 533.541 135.734 78.466 539.119 109.034 124.425 503.781
196.362 83.007 535.539 170.354 66.619 541.139 151.701 62.394 538.069 135.305 76.926 543.064 107.972 123.309 508.247
195.820 81.933 534.108 169.812 65.193 539.905 151.243 60.641 536.564 135.424 76.350 542.221 107.927 122.891 507.159
195.733 81.351 532.340 169.686 64.917 538.056 151.576 60.539 534.650 135.089 76.113 540.175 107.792 122.247 505.238
196.699 82.397 530.456 170.376 65.522 536.189 151.558 62.495 532.959 135.777 75.946 538.053 108.263 122.008 503.234
194.727 81.715 540.616 169.224 66.139 546.239 151.910 62.026 542.698 135.241 75.118 547.861 107.621 121.139 513.399
195.776 81.422 536.507 169.911 65.923 542.207 152.618 62.066 538.684 136.562 75.197 543.936 108.473 121.298 509.391
196.441 82.143 537.679 169.924 66.376 543.254 152.520 62.160 539.351 137.560 75.890 545.007 108.705 121.353 510.408
196.629 82.964 537.650 170.920 67.402 543.280 153.451 63.576 539.495 138.500 76.501 545.045 109.375 121.057 510.396
198.155 79.752 525.185 170.976 65.660 523.781 153.634 64.253 532.708 138.081 76.633 521.902 108.989 121.809 489.340
197.200 81.929 541.343 171.323 67.158 545.277 153.539 64.249 542.465 138.392 77.519 544.182 111.701 122.904 511.774
195.858 81.819 537.177 170.772 67.292 541.341 153.013 65.099 539.032 137.187 77.737 540.090 110.863 122.867 508.093
196.126 81.683 542.380 169.482 66.325 546.371 152.005 63.312 543.977 136.879 76.572 545.348 109.905 123.149 512.888
195.831 81.747 537.470 170.095 66.767 541.274 152.215 62.870 538.431 137.164 76.806 540.281 110.396 122.872 508.245
195.924 81.964 541.371 170.017 66.909 545.211 152.273 63.271 542.431 137.383 76.870 544.327 110.268 122.875 511.830
195.198 81.484 542.256 169.890 66.728 546.286 152.225 63.339 543.744 136.639 77.038 545.250 110.541 122.392 513.039
198.007 78.199 520.265 170.476 64.781 532.649 153.546 61.558 528.445 138.074 73.700 521.994 109.221 120.142 484.888
195.765 79.003 535.888 170.773 65.360 540.362 152.843 65.007 538.272 137.584 77.462 538.688 111.545 121.772 506.286
